-0.858100 -0.421900 -0.259293
-0.911400 0.018600 0.363602
-0.947200 -0.420400 -0.273499
-0.804300 0.298600 0.068802
-0.915100 -0.012500 0.372299
-0.882800 -0.494400 -0.121399
-1.055300 0.275500 0.034393
-0.924000 -0.499600 -0.119705
-0.980400 0.220200 -0.234695
-0.806100 -0.402900 -0.274902
-0.763500 -0.470400 -0.164902
-0.795400 -0.141200 0.146393
1.026300 -0.282300 0.029800
-0.948800 0.217500 -0.243896
-0.943900 -0.498500 -0.131897
-0.956300 0.280600 -0.096497
-0.902400 -0.007800 0.371597
-0.802300 -0.136600 0.101593
-0.974800 0.263000 -0.151199
-0.794800 -0.458700 -0.187195
-0.833100 -0.483300 -0.136398
-1.031400 0.205800 -0.247696
-0.781100 -0.460700 -0.180603
-0.853000 -0.414600 -0.267593
-0.915100 0.224500 -0.238297
-0.767200 -0.467700 -0.169800
-0.859800 -0.501300 -0.075302
-0.805700 -0.134700 0.065002
0.870800 0.502600 0.074600
0.913500 0.503200 -0.058899
-0.766900 -0.419800 -0.212601
-0.857200 -0.363700 -0.319702
-0.781100 -0.405100 -0.268997
-0.858300 0.018600 0.365204
1.018000 -0.263700 -0.106293
