0.623700 -0.109500 -0.233597
0.484900 -0.089500 -0.305603
0.528800 0.000500 -0.284500
0.456300 -0.051500 -0.264404
0.498900 -0.083400 -0.281799
0.453900 -0.058400 -0.277206
0.474200 -0.010700 -0.306000
0.474200 -0.047700 -0.365799
0.456900 -0.065500 -0.281601
0.472200 -0.067000 -0.272003
0.477600 -0.041300 -0.371399
0.606400 -0.110300 -0.248398
0.542300 -0.109800 -0.299500
0.541900 -0.007100 -0.280304
0.467600 -0.036300 -0.316696
0.487100 -0.100600 -0.326202
0.471100 -0.009700 -0.280807
0.591800 -0.128000 -0.294601
0.472600 -0.010400 -0.296204
0.473700 -0.045200 -0.362000
0.588600 -0.074700 -0.245605
0.534000 -0.102400 -0.292206
0.464400 -0.094200 -0.331894
0.594300 -0.058100 -0.254196
0.588300 -0.049000 -0.258896
0.463200 -0.037300 -0.293396
0.458700 -0.053100 -0.299805
0.532100 -0.070900 -0.247498
0.585500 -0.037700 -0.264603
0.548500 -0.114000 -0.302505
0.531000 -0.087500 -0.265396
0.596500 -0.023600 -0.272400
0.486000 -0.060900 -0.252502
0.603700 -0.018300 -0.275299
0.466000 -0.048000 -0.331207
0.478600 -0.016800 -0.342697
0.600600 -0.047000 -0.259903
0.506400 -0.067900 -0.249405
0.482000 -0.070500 -0.270798
0.470100 -0.012000 -0.280197
0.520100 -0.019300 -0.273605
0.463600 -0.040600 -0.262299
0.492100 -0.096000 -0.312805
0.563100 -0.097800 -0.259293
0.461200 -0.056400 -0.319199
0.598400 -0.055500 -0.255707
0.510200 -0.101500 -0.309692
0.453700 -0.056000 -0.271500
0.554700 -0.009700 -0.279404
0.472200 -0.022400 -0.316605
0.474900 -0.030700 -0.346405
0.458700 -0.089900 -0.367096
0.474500 -0.023000 -0.330399
0.497600 -0.108000 -0.332596
0.481300 -0.017300 -0.354202
0.463400 -0.057200 -0.332901
0.475300 -0.053000 -0.256302
0.469000 -0.021500 -0.296799
0.465000 -0.027700 -0.280106
0.622100 -0.093500 -0.236404
0.460400 -0.060900 -0.321793
0.454700 -0.068400 -0.306702
0.457400 -0.049900 -0.281693
0.505800 -0.095300 -0.300903
0.628300 -0.141600 -0.291595
0.604800 -0.127000 -0.282196
0.471500 -0.044600 -0.350693
