0.038500 -0.383600 0.139999
0.039400 -0.389800 0.122101
0.044500 -0.396500 0.089203
-0.011900 -0.364000 0.190796
0.009400 -0.385200 0.151596
0.022200 -0.354500 0.206100
0.002700 -0.366300 0.192505
-0.021500 -0.394100 0.117996
0.032600 -0.395600 0.099304
0.048400 -0.383400 0.136002
0.009200 -0.383400 0.160294
-0.031600 -0.390700 0.121201
0.044900 -0.399300 0.081406
0.021600 -0.389900 0.133102
-0.027400 -0.391700 0.114807
0.039800 -0.392300 0.109604
-0.013400 -0.394300 0.104599
0.029700 -0.403700 0.062698
0.044400 -0.345100 0.208893
0.051100 -0.387700 0.128799
-0.018800 -0.348700 0.208801
0.010900 -0.378900 0.170197
0.016700 -0.377500 0.174500
0.004300 -0.359000 0.203201
-0.001200 -0.348100 0.213699
0.020300 -0.328800 0.226395
0.053300 -0.354300 0.192795
0.031100 -0.399200 0.082993
-0.025000 -0.370000 0.174500
0.023100 -0.365100 0.192505
0.031000 -0.397600 0.086700
0.037800 -0.392200 0.116196
0.005500 -0.386000 0.154297
0.016600 -0.398300 0.091095
-0.023200 -0.392700 0.110596
0.024900 -0.327500 0.228195
0.025300 -0.389000 0.137497
0.027700 -0.373100 0.177505
-0.021500 -0.391000 0.128098
-0.033300 -0.384000 0.136597
0.026600 -0.399600 0.080902
0.058800 -0.374200 0.143997
0.054800 -0.395800 0.087296
-0.003900 -0.388700 0.138794
0.047800 -0.391600 0.107498
0.022100 -0.394300 0.105301
0.035200 -0.330300 0.223206
-0.011700 -0.392500 0.126495
0.022000 -0.373800 0.180206
0.050800 -0.351000 0.197998
0.009500 -0.388300 0.143600
-0.001300 -0.397800 0.081802
0.037600 -0.363500 0.187103
0.010800 -0.402400 0.074905
0.009800 -0.358200 0.202805
0.038700 -0.397500 0.089294
0.045300 -0.400600 0.064606
0.026600 -0.396800 0.099503
0.026600 -0.381100 0.154907
0.039100 -0.360900 0.193207
0.024800 -0.362300 0.195908
0.010900 -0.343500 0.221405
0.053500 -0.400100 0.066895
0.045800 -0.355100 0.200302
0.029100 -0.399700 0.080795
0.024900 -0.365400 0.192596
0.005100 -0.376900 0.173798
0.012200 -0.395700 0.105499
0.005900 -0.391200 0.126205
0.028800 -0.381800 0.150406
0.067300 -0.376200 0.131805
0.052400 -0.349000 0.199402
0.015400 -0.330100 0.227203
0.054200 -0.338800 0.210602
0.012700 -0.400100 0.085007
-0.019400 -0.379600 0.157898
0.045200 -0.388800 0.121994
-0.813400 -0.138400 0.012894
0.013400 -0.355600 0.206406
0.023700 -0.328600 0.226501
0.057200 -0.396400 0.061798
0.027900 -0.375000 0.173492
0.047500 -0.389900 0.111298
0.042400 -0.358000 0.199402
0.029400 -0.401900 0.075104
0.019900 -0.324100 0.230804
0.065700 -0.388200 0.087601
0.032800 -0.354200 0.209106
0.044100 -0.381700 0.144196
-0.011800 -0.387600 0.142899
0.049400 -0.399900 0.060303
0.051300 -0.399800 0.073196
0.042500 -0.371500 0.167496
-0.026300 -0.352900 0.198807
0.018300 -0.394800 0.105301
0.011600 -0.356000 0.206604
0.005100 -0.328400 0.227997
0.025300 -0.388000 0.141495
-0.021300 -0.382500 0.147507
0.045100 -0.399800 0.077194
0.014100 -0.368200 0.188904
0.024200 -0.358300 0.203400
0.023200 -0.368000 0.186493
0.017400 -0.385800 0.147400
0.006900 -0.402300 0.063995
0.003900 -0.390700 0.132904
0.039000 -0.360000 0.195206
0.023400 -0.388200 0.139099
0.053500 -0.366400 0.167892
0.032500 -0.396300 0.115402
0.022900 -0.340500 0.219696
0.025500 -0.389300 0.137405
0.023800 -0.372400 0.181900
0.024100 -0.393700 0.111694
0.020800 -0.336500 0.221802
