0.446700 0.220600 -0.336594
0.479100 0.136600 -0.374802
0.595400 0.126500 -0.356400
0.523100 0.180600 -0.339401
0.571200 0.070700 -0.380707
0.459200 0.147600 -0.372299
0.437500 0.175300 -0.357101
0.579300 0.078000 -0.378601
0.559800 0.280700 -0.321701
0.433900 0.222100 -0.340500
0.515700 0.151700 -0.357101
0.474000 0.161200 -0.364105
0.518100 0.073000 -0.389999
0.425500 0.169800 -0.364807
0.486900 0.247900 -0.340195
0.576600 0.224000 -0.318802
0.542900 0.160800 -0.348206
0.487100 0.012100 -0.390793
0.578000 0.172600 -0.337997
0.709800 0.102300 -0.382401
0.545800 0.280300 -0.323700
0.559600 0.198100 -0.320908
0.600800 0.106200 -0.363495
0.530700 0.069900 -0.386398
0.528500 0.176500 -0.341003
0.405900 0.146400 -0.381104
0.546100 0.066800 -0.384201
0.598100 0.293300 -0.323303
0.393700 0.176500 -0.370102
0.669100 0.045300 -0.386398
0.525600 0.001300 -0.386902
0.479900 0.160700 -0.363907
0.512900 0.106200 -0.378006
0.584800 0.082100 -0.374496
0.465900 0.155400 -0.368103
0.438900 0.147600 -0.376495
0.436800 0.162000 -0.365906
0.804100 0.037900 -0.381302
0.497400 0.099700 -0.385101
0.503200 0.103700 -0.382401
0.580000 0.269800 -0.319107
0.485600 0.154500 -0.365601
0.500000 0.108200 -0.381302
0.622100 0.069000 -0.381104
0.409900 0.162600 -0.372498
0.662200 0.111600 -0.366104
0.480000 0.177200 -0.354599
0.394000 0.166900 -0.373398
0.648800 0.112400 -0.364105
0.581900 0.246200 -0.318207
0.676000 0.076200 -0.380493
0.566700 0.156400 -0.348007
0.432700 0.152700 -0.374100
0.453100 0.177000 -0.356598
0.559700 0.071800 -0.381699
0.558700 0.094500 -0.373306
0.586600 0.302600 -0.317795
0.500300 0.214800 -0.337006
0.576600 0.194700 -0.323700
0.580600 0.266400 -0.318497
0.500400 0.079900 -0.390701
0.603600 0.207800 -0.322296
0.431300 0.172500 -0.359207
0.513800 0.171000 -0.346497
0.509800 0.127600 -0.369797
0.646900 0.062600 -0.385101
0.487800 0.233200 -0.332901
0.530900 0.122200 -0.366394
0.417400 0.180800 -0.360107
0.391300 0.170300 -0.372894
0.537800 0.012200 -0.388107
0.542100 0.194300 -0.326706
0.515200 0.131800 -0.366699
0.588900 0.229200 -0.317307
0.416500 0.177800 -0.361893
0.481000 0.119000 -0.382401
0.557400 0.248200 -0.323898
0.553400 0.137400 -0.356003
0.597100 0.246400 -0.316406
0.634200 0.058000 -0.386093
0.482500 0.153400 -0.367004
0.509200 0.163300 -0.352798
0.440200 0.214200 -0.341095
0.538300 0.015000 -0.388596
0.455100 0.191000 -0.348404
0.502800 0.108900 -0.379593
0.561500 0.160900 -0.346405
0.458900 0.195600 -0.345200
0.579200 0.176200 -0.335602
0.447400 0.215300 -0.338593
0.536400 0.191900 -0.330704
0.395400 0.156100 -0.377197
0.530500 0.091300 -0.382294
0.533600 0.149000 -0.355301
0.604600 0.048500 -0.389008
0.501800 0.157800 -0.358002
0.595400 0.096000 -0.366898
0.547700 0.257100 -0.325897
0.608900 0.120300 -0.358200
0.496500 0.178500 -0.349899
0.510400 0.084500 -0.386993
0.535000 0.152400 -0.353195
0.546200 0.120300 -0.363602
0.398400 0.196600 -0.360901
0.530100 0.207700 -0.328003
0.685000 0.046700 -0.386002
