-0.853300 0.295400 -0.120407
-0.816900 -0.020800 0.387802
-0.784000 -0.473900 0.118301
-0.685700 0.137300 -0.351196
-0.728200 -0.361500 -0.300400
-0.652500 -0.436200 -0.204605
-0.754900 0.032100 -0.387497
-0.732100 -0.116400 -0.408600
-0.649200 -0.439000 0.160797
-0.782000 -0.004300 0.373093
-0.757500 -0.043600 -0.402893
-0.868800 0.069700 -0.375900
-0.780900 -0.324800 -0.350403
-0.863400 0.181800 0.266602
-0.757000 0.307200 -0.066803
-0.782200 0.147100 0.304504
-0.803700 -0.369100 -0.309601
-0.852300 0.268000 0.147797
-0.696800 -0.143600 -0.409698
-0.735000 -0.292100 0.321793
-0.671800 -0.473300 0.074707
-0.753700 0.216800 0.233307
-0.839100 0.189700 -0.292801
-0.721500 0.275400 -0.192093
-0.777400 0.275800 -0.176102
-0.820600 -0.013000 0.384094
-0.837400 0.119000 0.323593
-0.826200 0.030300 0.364304
-0.791600 -0.256000 -0.381805
-0.667400 -0.424100 -0.226898
-0.725800 -0.482400 0.041901
-0.863300 0.215100 0.228806
-0.882300 -0.080200 -0.413895
-0.738400 -0.361900 0.268295
-0.910700 0.055000 -0.380203
-0.844700 0.155500 -0.323196
-0.752200 0.077300 -0.372299
-0.811800 -0.270700 -0.376297
-0.870800 0.187500 0.259506
-0.851600 0.221100 -0.253403
-0.628200 -0.190100 -0.398697
-0.900400 0.167000 -0.307007
-0.731600 -0.256900 -0.371399
-0.624300 -0.246200 -0.378403
-0.760400 -0.009400 -0.396500
-0.762300 -0.071000 -0.404602
-0.845700 0.207900 0.265900
-0.713900 0.209800 -0.285797
-0.755800 -0.104500 -0.406204
-0.663600 -0.403600 0.219696
-0.668500 -0.459300 0.117905
-0.690700 -0.407100 -0.251495
-0.719100 -0.300100 -0.348404
-0.688100 0.017100 -0.402496
-0.810600 -0.367700 -0.311401
-0.848700 -0.111600 -0.414597
-0.679100 -0.483400 -0.018494
-0.748000 0.104000 -0.360107
-0.733100 -0.009800 -0.401596
-0.635200 -0.458600 -0.147705
-0.779000 0.018500 0.365402
-0.846500 0.191200 0.260803
-0.847100 -0.442800 0.196701
-0.848300 -0.232400 -0.393005
-0.810700 -0.385900 -0.293900
-0.862100 0.273700 -0.155594
-0.837500 0.135700 0.313995
-0.691200 -0.373500 0.255798
-0.796900 -0.206600 -0.399902
-0.768300 0.168000 -0.314102
-0.876200 0.153700 0.290405
-0.673300 -0.461700 -0.144608
-0.732600 -0.109000 -0.408707
-0.724900 -0.262500 -0.369202
-0.701900 -0.345300 -0.316498
-0.763500 -0.496200 0.050095
-0.872500 -0.004700 -0.402206
-0.834700 0.002800 -0.401703
-0.714300 0.300000 -0.131302
-0.748300 0.187600 -0.301605
-0.640400 -0.464100 0.098495
-0.746300 0.185000 0.268097
-0.634300 -0.314300 -0.338699
-0.845700 0.087500 0.337204
-0.840600 0.161200 0.301193
-0.701600 -0.293400 -0.354095
-0.884800 0.271700 -0.153107
-0.948000 0.192300 -0.276596
-0.846000 -0.276800 -0.374802
-0.897200 -0.094500 -0.414703
-0.730400 0.244100 -0.242004
-0.668600 -0.463100 -0.139999
-0.667400 -0.463700 0.106003
-0.624200 -0.288100 -0.355301
-0.709300 -0.261200 -0.371399
-0.731800 -0.054000 -0.408295
-0.822300 -0.005400 0.374298
-0.678400 -0.167800 -0.406006
-0.696400 -0.338700 -0.322601
-0.654700 -0.290400 -0.356201
-0.745900 0.032100 0.356598
-0.774100 -0.392600 -0.284607
-0.690500 -0.354900 0.273499
-0.702700 -0.048900 -0.411499
-0.764400 0.102700 -0.357697
-0.699100 -0.386500 -0.277100
-0.662200 -0.429300 -0.218094
-0.936200 0.169400 -0.301804
-0.867400 0.255400 -0.195602
-0.723100 0.299700 -0.128098
-0.710200 -0.414400 0.207901
-0.710600 -0.485900 -0.022400
-0.667700 -0.476000 0.062302
-0.803300 -0.159200 -0.410202
-0.803000 -0.122500 -0.418900
-0.835000 0.115300 0.337402
-0.735500 0.305900 -0.098007
-0.663300 -0.286200 -0.359207
-0.801300 0.306300 -0.058701
-0.834300 0.107200 0.337006
-0.724900 -0.024300 -0.405807
-0.629700 -0.248100 -0.377106
-0.910900 -0.049700 -0.410797
-0.748100 0.031600 -0.388794
-0.855300 -0.194400 -0.404007
-0.726900 -0.441200 0.167694
-0.835800 0.127000 0.322998
-0.707800 -0.455200 0.135895
-0.722000 0.285000 -0.169601
-0.788700 0.300200 -0.095901
-0.745100 0.249600 -0.229599
-0.715000 -0.210100 -0.391602
-0.692900 -0.480800 0.031403
-0.650500 -0.468200 -0.122101
-0.974500 0.156000 -0.310394
-0.788700 0.261100 -0.201599
-0.633000 -0.245800 -0.378403
-0.736600 0.311900 -0.059006
-0.765800 0.151700 0.297302
-0.786700 -0.482400 -0.122498
-0.845800 0.237500 0.229004
-0.716200 0.014800 -0.399094
-0.881400 0.093200 -0.362793
-0.797400 0.304400 -0.071198
-0.645700 -0.473200 -0.097900
-0.785500 -0.313300 0.322403
-0.784300 0.280300 0.128998
-0.880100 0.286000 -0.107803
-0.734200 0.164800 0.288406
-0.836900 -0.035000 0.378601
-0.778000 0.162500 -0.316498
-0.838900 0.127100 0.314499
-0.848900 -0.335600 0.309708
-0.830600 0.070600 0.355392
-0.882900 0.205800 -0.268097
-0.844000 0.178200 0.273895
-0.738600 0.192900 -0.299301
-0.665600 -0.430200 0.179199
-0.749100 -0.284500 0.326004
-0.775700 0.299700 -0.099396
-0.828300 0.010900 -0.399399
-0.703000 0.229900 -0.265396
-0.811600 -0.323300 -0.346497
-0.722400 0.126600 -0.352402
-0.644800 -0.228900 -0.386200
-0.714900 -0.443700 0.161407
-0.692200 -0.093900 -0.414505
-0.728600 -0.353200 -0.308502
-0.882600 0.144100 -0.328796
-0.751600 0.250600 0.187302
-0.631200 -0.374600 -0.285004
-0.727800 0.063300 -0.382202
-0.796200 0.244400 0.204697
-0.635900 -0.243200 -0.379395
-0.791700 -0.346800 -0.327698
-0.645000 -0.462000 0.106903
-0.684200 -0.072300 -0.414597
-0.704900 -0.479500 -0.073105
-0.746800 0.166800 -0.319595
-0.806600 -0.290200 -0.366196
-0.791000 0.212600 -0.269501
-0.841900 -0.439800 0.200104
-0.662400 -0.319500 -0.337799
-0.843900 0.195600 -0.285507
-0.871000 0.208300 0.235901
-0.647200 -0.470300 -0.113907
-0.835400 0.153400 -0.329300
-0.742100 -0.193200 -0.393799
-0.666600 -0.475000 0.066193
-0.814600 -0.073300 0.386093
-0.761500 0.298200 -0.114899
-0.719700 0.110600 -0.362106
-0.986700 0.185000 -0.279404
-0.780800 -0.368600 0.278595
-0.869400 0.276700 0.114594
-0.678500 -0.483300 -0.026596
-0.789900 -0.393900 0.252594
-0.709000 -0.253400 -0.375000
-0.816700 0.250200 0.197495
-0.719600 0.207600 -0.287201
-0.877900 0.193100 0.252304
-0.845300 0.186700 -0.294205
-0.790800 0.270500 0.155899
-0.735600 0.133200 -0.345596
-0.791700 -0.489400 -0.095398
-0.692800 -0.416700 -0.236099
-0.847500 0.220900 0.243103
-0.845000 0.191100 0.264999
-0.789700 -0.122000 0.379105
-0.732900 0.105400 -0.362701
-0.864500 0.279800 -0.138199
-0.769500 0.197800 -0.287903
-0.754300 0.299900 -0.114502
-0.783700 -0.326000 0.314606
-0.712600 -0.099600 -0.412003
-0.770600 0.052400 -0.377899
-0.776900 -0.380000 -0.298203
-0.689400 -0.269800 -0.368301
-0.628600 -0.334600 -0.323105
-0.714900 0.003800 -0.402206
-0.776700 -0.375300 -0.302307
-0.688400 -0.483300 0.014694
-0.649500 -0.454700 0.126694
-0.680400 -0.262800 -0.372299
-0.721300 0.018800 -0.397507
-0.737700 -0.344400 -0.314896
-0.821600 -0.005000 0.384094
-0.686200 -0.429000 0.183395
-0.839400 0.075400 -0.375000
-0.777700 0.104800 -0.354202
-0.773400 0.293200 -0.127594
-0.780100 0.150900 -0.324600
-0.661800 -0.359100 -0.304993
-0.675300 -0.394700 -0.267303
-0.730600 0.060000 -0.383194
-0.884100 0.287600 -0.098999
-0.801000 -0.358300 0.287903
-0.785600 -0.308500 0.326401
-0.874100 0.208300 -0.266296
-0.737500 0.125600 -0.349701
