-0.815400 -0.145100 0.329803
-0.794700 -0.141150 0.144150
-0.813700 -0.143300 -0.005104
-0.794700 -0.146900 0.380203
-0.944700 -0.170600 0.334396
-0.803750 -0.135450 0.086273
-0.798667 -0.151933 0.285395
-0.811450 -0.124400 0.367599
-0.770900 -0.431900 -0.213898
-0.964600 -0.193600 0.345001
-0.807800 -0.143150 0.338501
-0.798600 -0.138850 0.123948
-0.797650 -0.149800 0.236748
-0.804700 -0.150500 0.255203
-0.817550 -0.148900 -0.025101
-0.797200 -0.131400 0.374207
-0.805950 -0.135200 0.054794
-0.814500 -0.114200 0.380600
-0.798200 -0.133900 0.367401
-0.807500 -0.148800 0.305099
-0.808900 -0.137700 0.375900
-0.975300 -0.196000 0.343704
-0.814500 -0.138700 0.008896
-0.806550 -0.145100 0.383503
-0.802800 -0.136600 0.103745
-0.813000 -0.135200 0.354752
-0.806750 -0.155350 0.382553
-0.792700 -0.149800 0.215230
-0.800350 -0.138600 0.136856
-0.745700 -0.425700 -0.226448
-0.791600 -0.143700 0.164757
-0.801650 -0.150200 0.247200
-0.793600 -0.141600 0.129395
-0.793825 -0.145250 0.184650
-0.797700 -0.152700 0.264297
-0.803700 -0.142100 0.343903
-0.802633 -0.117733 0.378438
