0.018700 -0.380200 0.171204
0.054271 -0.353076 0.193234
0.060100 -0.350500 0.191101
0.005137 -0.379350 0.169014
0.015240 -0.403564 0.045505
0.075788 -0.377292 0.125700
0.047500 -0.369433 0.168330
-0.024683 -0.391672 0.124211
0.074967 -0.382893 0.115211
-0.004767 -0.340200 0.220962
0.024600 -0.359600 0.199295
0.042733 -0.342344 0.211899
0.054452 -0.382456 0.134922
0.046242 -0.345975 0.207153
0.094396 0.212829 0.351121
0.022587 -0.380575 0.162613
0.024340 -0.363262 0.195014
-0.019300 -0.369500 0.179092
0.014773 -0.399560 0.086933
0.034623 -0.344713 0.213866
0.056400 -0.347694 0.197388
0.033957 -0.396527 0.095341
-0.005715 -0.345409 0.215993
0.084136 0.215544 0.347008
0.015349 -0.334616 0.223447
0.004789 -0.392015 0.124640
0.042994 -0.401835 0.035466
0.034044 -0.403047 0.035161
0.085068 0.194974 0.356963
0.005280 -0.382165 0.163705
0.074981 0.194924 0.353416
-0.034138 -0.372019 0.164653
0.036743 -0.368757 0.178467
-0.023908 -0.371275 0.172541
-0.005325 -0.395285 0.095045
-0.025575 -0.392521 0.114894
0.025975 -0.390917 0.131823
0.104836 0.144730 0.375320
-0.034956 -0.375733 0.155072
0.058400 -0.338975 0.208023
0.014510 -0.400580 0.082159
0.134956 0.164842 0.367281
0.014918 -0.364550 0.195247
0.125054 0.174866 0.368502
0.003694 -0.399033 0.085540
0.067763 -0.358975 0.167898
0.054292 -0.393200 0.095164
0.036260 -0.399820 0.078598
0.043400 -0.400500 0.056186
0.006307 -0.400827 0.074974
0.044233 -0.390600 0.113132
0.004935 -0.390625 0.133330
-0.004950 -0.386903 0.145000
0.074336 0.175608 0.357341
0.024575 -0.351217 0.211465
0.144902 0.204736 0.354322
-0.014604 -0.362168 0.194095
0.136300 0.197630 0.359198
0.025576 -0.401440 0.074679
0.078208 0.172692 0.361641
0.015342 -0.343375 0.220776
0.025060 -0.394763 0.115180
-0.015800 -0.349475 0.209301
0.054804 -0.386523 0.124685
0.103721 0.162675 0.370584
0.028950 -0.399950 0.078850
-0.015300 -0.340100 0.220901
-0.005752 -0.335039 0.224281
0.045317 -0.375967 0.154912
0.115032 0.185123 0.363234
0.033347 -0.381013 0.153334
0.084840 0.164990 0.366992
0.035376 -0.355006 0.205490
0.028400 -0.379800 0.159195
0.085398 0.144202 0.371594
-0.019400 -0.379600 0.156700
0.015235 -0.384480 0.155043
0.034903 -0.403048 0.054350
0.135190 0.215605 0.345230
0.114754 0.224410 0.342936
-0.015304 -0.394037 0.104630
0.025900 -0.388642 0.136400
-0.022375 -0.361325 0.192272
0.023925 -0.334584 0.222925
0.126090 0.211310 0.351077
0.061050 -0.391750 0.084137
0.104889 0.134951 0.376318
-0.022060 -0.380580 0.153137
0.034297 -0.398493 0.085210
0.046453 -0.389420 0.116919
0.086225 0.222150 0.342580
0.058100 -0.389289 0.106768
0.135544 0.206129 0.356244
0.048350 -0.399900 0.060249
0.054752 -0.395680 0.085084
0.014252 -0.395160 0.105372
0.005500 -0.341100 0.221298
-0.025995 -0.378295 0.155574
0.058382 -0.368964 0.155816
0.114823 0.196403 0.358560
0.041450 -0.390150 0.121254
0.065044 -0.386674 0.104888
0.074583 0.145965 0.368521
0.054823 -0.367000 0.165179
0.094838 0.184854 0.362357
0.060050 -0.390750 0.093548
0.004827 -0.371807 0.183273
0.024768 -0.395065 0.105261
0.004700 -0.368940 0.187849
-0.014350 -0.354575 0.204560
0.034131 -0.395285 0.105328
-0.005212 -0.396660 0.085689
0.015874 -0.389068 0.135763
