0.133330 0.076813 0.389745
0.327050 -0.209700 0.319503
0.134807 0.236648 0.327808
0.400300 -0.250200 0.280197
0.235133 -0.044983 0.393580
0.195033 0.352817 0.224002
0.373067 0.198300 0.369430
0.154880 -0.045171 0.391741
0.365253 -0.074833 0.386354
0.415550 -0.060850 0.390449
0.414220 0.247520 0.348819
0.475411 0.134589 0.395911
0.285800 0.151000 0.380582
0.174612 0.295884 0.285610
0.484311 0.145400 0.392844
0.514875 -0.204563 0.313936
0.424942 -0.115125 0.372508
0.375446 0.305015 0.305763
0.085127 0.274819 0.293933
0.135513 0.073691 0.390584
0.335171 0.268286 0.328313
0.384791 -0.174864 0.342610
0.314550 0.359250 0.238952
0.264100 -0.260200 0.280807
0.334462 0.342637 0.262500
0.394200 0.240850 0.350502
0.114514 -0.239086 0.308956
0.385300 -0.142050 0.361237
0.404817 0.317500 0.297849
0.375640 0.321660 0.291684
0.155315 -0.238008 0.308507
0.504887 0.045312 0.404001
0.244773 -0.255169 0.285908
0.235325 0.361858 0.222318
0.405750 -0.091300 0.380401
0.354062 -0.142500 0.360563
0.304643 0.207943 0.359255
0.255150 0.301737 0.291548
0.205394 0.283441 0.302324
0.364610 0.214380 0.361841
0.353414 0.087186 0.398945
0.394433 0.104392 0.397976
0.134852 0.243507 0.322919
0.314795 -0.175015 0.343710
0.235447 0.103747 0.390941
0.425250 0.385500 0.224266
0.475167 -0.205767 0.315236
0.234507 0.217240 0.348129
0.205843 -0.188886 0.339397
0.344788 0.197238 0.368412
0.254667 0.263900 0.322506
0.504714 0.174957 0.385943
0.145162 0.313219 0.263242
0.514811 -0.244744 0.275611
0.136367 -0.260800 0.290970
0.322800 0.189100 0.369797
0.314800 0.235200 0.345924
0.196675 0.270650 0.310547
0.407650 -0.259750 0.269195
0.275065 -0.085139 0.383597
0.445289 0.356400 0.265598
0.345011 -0.214672 0.314234
0.384800 -0.295457 0.225437
0.431700 -0.140400 0.360199
0.184668 -0.176072 0.347556
0.396200 -0.230100 0.300903
0.204736 0.114745 0.385177
0.435200 -0.014943 0.400317
0.081625 0.229200 0.329224
0.444918 -0.055155 0.392729
0.504480 -0.132580 0.362201
0.401850 -0.240600 0.291054
0.375573 0.204736 0.367699
0.202973 0.137627 0.379354
0.485750 -0.097000 0.378426
0.284835 0.194855 0.363696
0.484837 -0.124525 0.366310
0.234956 0.045009 0.397474
0.364889 0.252922 0.342544
0.495138 0.144575 0.393202
0.485800 0.288567 0.329335
0.444470 -0.153940 0.353040
0.104689 0.258733 0.309090
0.184844 0.194791 0.355930
0.299200 0.320000 0.280304
0.125107 0.343474 0.224510
0.414700 -0.292910 0.224541
0.274386 -0.228914 0.308500
0.301100 0.120500 0.390198
0.213533 0.299233 0.289403
0.384550 -0.155556 0.353562
0.201900 0.259600 0.319595
0.351800 0.261900 0.340393
0.213940 -0.127647 0.368827
0.413350 -0.159500 0.349899
0.186600 -0.189950 0.339798
0.134849 -0.034896 0.392811
0.484100 -0.092320 0.380618
0.164684 0.174995 0.363452
0.085320 0.331660 0.233254
0.404920 0.295610 0.316353
0.194733 0.024997 0.396394
0.303050 -0.060550 0.390152
0.375331 -0.236400 0.296090
0.323275 -0.290650 0.241325
0.165079 -0.024964 0.394410
0.485933 0.064744 0.405256
0.364940 -0.279000 0.248798
0.174977 -0.185108 0.344734
0.414588 0.296488 0.316851
0.324881 0.364550 0.234339
0.335318 0.144982 0.387913
0.154385 0.328162 0.247946
0.166400 -0.131300 0.370102
0.424823 -0.286208 0.234660
0.305250 -0.092975 0.380809
0.165138 0.314845 0.265030
0.374764 -0.055721 0.391543
0.115010 -0.244656 0.303995
0.394900 -0.255067 0.275273
0.474700 -0.105243 0.375759
0.234079 0.146437 0.378974
0.375980 0.084240 0.400751
0.415308 -0.164908 0.347017
0.394922 0.306067 0.306778
0.145153 -0.275947 0.275803
0.403967 0.065233 0.402510
0.219700 0.360000 0.220093
0.494808 -0.105483 0.374826
0.092167 0.293092 0.283890
0.415787 0.353263 0.263838
0.394900 0.214675 0.363400
0.133876 -0.104029 0.380874
0.315393 0.125760 0.389381
0.134954 -0.015102 0.394549
0.273300 -0.148543 0.358854
0.125042 -0.054690 0.390901
0.368167 0.361600 0.251267
0.184924 -0.333992 0.195325
0.084893 0.104988 0.383144
0.345200 -0.252056 0.283110
0.364800 -0.161950 0.351451
0.434950 -0.223500 0.302801
0.264804 -0.075044 0.386952
0.535040 -0.234240 0.283531
0.235192 -0.285492 0.255134
0.454420 -0.173080 0.341339
0.444891 0.014854 0.403137
0.164902 -0.075009 0.386093
0.435173 -0.114709 0.372338
0.385550 0.300400 0.310501
0.064519 0.166811 0.358613
0.454242 -0.085250 0.382933
0.109700 0.330400 0.240005
0.405260 -0.125700 0.368059
0.465100 -0.247975 0.278049
0.415200 -0.259233 0.269063
0.504367 -0.094722 0.377333
0.332000 0.370600 0.230103
0.464871 -0.251829 0.273856
0.264910 -0.212000 0.321190
0.203967 0.308867 0.278732
0.205110 0.014942 0.396479
0.405186 -0.062143 0.390928
0.184822 -0.318778 0.218533
0.355250 -0.054893 0.391501
0.184785 -0.035230 0.393316
0.484627 0.005300 0.402856
0.292500 0.319200 0.279602
0.414900 0.290933 0.321065
0.475925 -0.227475 0.297363
0.424880 -0.154120 0.354150
0.124788 0.105035 0.384807
0.394425 0.194775 0.372368
0.185640 0.208180 0.349071
0.245000 0.366144 0.215626
0.134795 0.254792 0.315006
0.349100 0.081750 0.400398
0.354583 0.281633 0.321851
0.457900 0.320950 0.301849
0.525475 -0.278325 0.227348
0.403200 0.278867 0.329300
0.184547 0.064655 0.393398
0.494763 -0.065412 0.387964
0.212750 -0.230400 0.310249
0.264755 -0.122164 0.370991
0.365400 -0.307950 0.205126
0.135009 0.084937 0.388763
0.494875 -0.187275 0.327675
0.314614 -0.248371 0.288742
0.484957 0.343286 0.284158
0.495750 -0.198100 0.318847
0.355600 -0.223150 0.311012
0.365770 0.382220 0.214720
0.355383 -0.296900 0.226882
0.244905 -0.223755 0.313295
0.125100 -0.115254 0.377290
0.412050 -0.013300 0.399948
0.345200 -0.192137 0.331791
0.136950 -0.270600 0.280701
0.304641 0.325153 0.275829
0.204782 -0.144859 0.362548
0.305421 0.294500 0.305458
0.324439 -0.263362 0.272878
0.126004 0.227332 0.337623
0.125148 0.025082 0.395228
0.284850 -0.115046 0.374176
0.155036 0.323227 0.254064
0.235150 -0.194981 0.333781
0.484220 0.306420 0.316239
0.423750 -0.091525 0.381001
0.535662 -0.272525 0.234865
0.134630 -0.004991 0.395105
0.445480 0.165520 0.385500
0.414800 0.323712 0.293577
0.274333 0.347567 0.247284
0.435800 0.045170 0.404279
0.304707 -0.166714 0.348214
0.383500 -0.219500 0.309402
0.124838 0.135012 0.375874
0.154086 0.278686 0.299240
0.205200 -0.277675 0.267377
0.264559 0.215109 0.352487
0.205097 0.144971 0.377651
0.435500 -0.248867 0.278463
0.454200 0.379300 0.239395
0.355156 -0.166933 0.348100
0.187380 0.331360 0.251242
0.425756 -0.145711 0.358410
0.243880 -0.099120 0.379559
0.275013 -0.034846 0.394859
0.085842 0.063325 0.391178
0.214392 -0.262338 0.282153
0.445082 0.374655 0.245080
0.245322 -0.075311 0.387198
0.155088 0.262331 0.311736
0.254444 0.363081 0.224699
0.124727 -0.125206 0.373030
0.325150 0.243400 0.342271
0.404950 0.363050 0.252348
0.235237 0.365856 0.214230
0.515071 -0.135586 0.357758
0.315330 -0.277900 0.258280
0.165508 0.341731 0.233032
0.104968 -0.084883 0.383524
0.305182 -0.142609 0.361216
0.084600 0.300350 0.284897
0.454950 -0.014575 0.400837
0.225809 -0.188155 0.339043
0.224700 -0.015026 0.396061
0.333600 0.368700 0.229996
0.285130 -0.025090 0.396441
0.454722 0.134467 0.394691
0.155131 0.185369 0.363191
0.094758 0.285563 0.285848
0.175009 -0.171827 0.350883
0.214841 0.235396 0.336904
0.294861 0.235144 0.345288
0.285110 0.282440 0.311737
0.275059 -0.143412 0.361741
0.155400 -0.303478 0.244488
0.434163 -0.025825 0.399027
0.397033 0.300867 0.311035
0.295064 -0.287918 0.247274
0.214458 -0.093316 0.381068
0.215019 0.025118 0.397244
0.474767 0.312033 0.311167
0.114948 -0.095045 0.382146
0.395179 -0.075364 0.385821
0.164531 0.267777 0.308324
0.144562 0.336954 0.235767
0.244561 -0.115016 0.374003
0.144769 0.331844 0.242533
0.363975 -0.250775 0.281525
0.415064 0.214282 0.365655
0.385256 0.172744 0.381010
0.464911 -0.215444 0.307080
0.364727 0.325809 0.286083
0.433656 -0.153700 0.353000
0.235196 -0.094941 0.381462
0.285021 0.304947 0.295238
0.365460 -0.141380 0.361121
0.414417 0.105150 0.399457
0.455244 0.375011 0.245066
0.344533 0.308567 0.299098
0.425640 -0.228640 0.298660
0.139400 -0.060200 0.390396
0.285000 -0.282856 0.253701
0.414980 -0.286520 0.235091
0.143200 -0.209700 0.329895
0.395257 -0.206700 0.318699
0.345219 -0.175125 0.343888
0.354900 -0.241780 0.291861
0.212425 -0.320650 0.210930
0.145100 0.255178 0.315740
0.305320 0.353533 0.244621
0.305623 0.223546 0.352114
0.344533 0.268800 0.329335
0.393450 0.278200 0.328525
0.434808 -0.195475 0.325358
0.124775 -0.131937 0.370676
0.125041 0.015087 0.395357
0.204632 0.075050 0.393377
0.094962 0.264595 0.303759
0.375050 -0.215444 0.314357
0.075465 0.312685 0.253797
0.234730 0.334430 0.254890
0.445488 -0.288138 0.226763
0.115520 0.321020 0.251509
0.295363 -0.075284 0.386109
0.505310 -0.144340 0.354370
0.474317 -0.252300 0.272314
0.304880 -0.254415 0.284531
0.254620 0.155308 0.378048
0.324542 -0.084916 0.382316
0.445290 0.114960 0.398718
0.205421 -0.127729 0.368940
0.204907 -0.175527 0.347650
0.194961 -0.045337 0.392824
0.393500 0.090600 0.400208
0.285105 -0.084932 0.383423
0.272967 0.319233 0.278631
0.344994 -0.035312 0.395269
0.106486 0.311443 0.261087
0.464380 0.216780 0.368298
0.104795 0.234300 0.334898
0.205329 -0.257614 0.288099
0.424983 0.201817 0.371503
0.145043 -0.044878 0.391584
0.173167 -0.190533 0.340403
0.165400 -0.319850 0.219498
0.312867 -0.300567 0.232066
0.279450 0.370550 0.225899
0.158700 -0.099400 0.379700
0.205750 0.162869 0.371012
0.463800 -0.113567 0.372035
0.174429 -0.289471 0.258715
0.455764 0.094600 0.401426
0.354863 -0.015025 0.398006
0.465060 0.336960 0.287622
0.204575 -0.214614 0.323457
0.395850 0.381675 0.221897
0.273200 -0.250000 0.289795
0.124867 0.321675 0.252001
0.205106 -0.114924 0.373731
0.275219 -0.234271 0.303585
0.134794 -0.265381 0.285261
0.251050 0.147400 0.379898
0.304125 -0.098050 0.379378
0.504287 0.065700 0.403812
0.066590 0.221270 0.331009
0.445600 0.250800 0.350403
0.364538 -0.245692 0.286747
0.484483 -0.273217 0.243466
0.468400 -0.269400 0.249603
0.304440 0.358220 0.238803
0.324815 0.254885 0.335298
0.125305 0.302400 0.272852
0.114921 0.281629 0.291656
0.455150 0.311350 0.310799
0.224652 -0.224911 0.313926
0.394973 0.024580 0.402308
0.264560 -0.167860 0.348813
0.265567 0.323558 0.273401
0.195525 -0.278175 0.268351
0.215048 0.323771 0.264204
0.424970 0.175010 0.381581
0.295014 -0.264518 0.274964
0.204440 -0.052520 0.390488
0.354933 -0.155613 0.355685
0.144270 -0.298920 0.248627
0.245115 -0.155026 0.356406
0.214769 0.085187 0.394141
0.245500 0.340425 0.251323
0.284835 0.125700 0.387740
0.384533 -0.290500 0.230937
0.374325 -0.160875 0.350849
0.464200 0.256933 0.348482
0.395193 -0.035087 0.396848
0.174872 -0.024949 0.394263
0.175055 -0.057370 0.389369
0.144948 0.303243 0.273635
0.364769 0.155050 0.386344
0.294911 0.195250 0.364733
0.365025 0.373412 0.232613
0.384654 0.245323 0.348039
0.095091 0.114210 0.381351
0.463800 0.379300 0.239700
0.435270 -0.145850 0.357730
0.325312 0.195012 0.367394
0.274544 0.205838 0.357981
0.204471 -0.202371 0.331551
0.294382 -0.066294 0.388523
0.347300 0.074700 0.400479
0.114875 -0.015092 0.395144
0.274580 0.134660 0.385026
0.314629 0.023321 0.399549
0.346050 0.348825 0.258999
0.244463 -0.168675 0.349115
0.385008 0.284217 0.322983
0.335575 -0.062187 0.390898
0.225710 0.192050 0.360959
0.375700 -0.007500 0.399687
0.455180 -0.044810 0.394782
0.275165 0.314171 0.284136
0.406800 0.142250 0.390602
0.546767 -0.269100 0.238368
0.485563 -0.014100 0.400639
0.465150 -0.257150 0.265551
0.434867 -0.092100 0.381032
0.415060 0.014580 0.402841
0.376000 0.310667 0.300904
0.336393 0.024421 0.401101
0.314340 0.301040 0.301120
0.064885 0.174893 0.355032
0.275368 0.245179 0.336803
0.425475 -0.248600 0.278099
0.464075 0.383100 0.234461
0.454413 0.105000 0.400765
0.194813 0.064787 0.393878
0.164817 -0.084798 0.383807
0.315500 0.120700 0.390732
0.135963 0.261350 0.310715
0.414331 -0.134838 0.364193
0.505700 -0.188000 0.328339
0.125482 0.077745 0.389650
0.493760 -0.113120 0.371582
0.477000 -0.269750 0.248398
0.384900 0.356730 0.257309
0.114774 -0.165235 0.356764
0.255288 0.296494 0.296430
0.346250 -0.208675 0.319076
0.234740 -0.322407 0.203680
0.362350 0.218800 0.359253
0.354980 0.114707 0.395240
0.181100 -0.190100 0.340698
0.194507 0.307193 0.277872
0.224755 -0.065110 0.388300
0.274900 0.252867 0.331617
0.386120 -0.192920 0.331058
0.204979 -0.057063 0.389348
0.404408 -0.115383 0.372267
0.283267 -0.250867 0.291402
0.226733 -0.299467 0.239166
0.185106 0.174960 0.364199
0.204768 -0.074906 0.385594
0.244733 0.244986 0.334223
0.185141 0.187376 0.359083
0.174900 0.129300 0.379700
0.467300 0.110950 0.400398
0.284515 0.342792 0.253223
0.505144 -0.204756 0.313668
0.323971 0.248329 0.338869
0.234600 0.316340 0.275786
0.104809 -0.045022 0.391703
0.324778 -0.044856 0.393506
0.204782 -0.252853 0.292752
0.177500 0.329000 0.249603
0.414875 0.357750 0.258652
0.364662 0.315077 0.295398
0.485288 -0.277825 0.236599
0.075263 0.104043 0.380976
0.225129 0.324525 0.264646
0.454485 0.034092 0.403948
0.484367 0.348600 0.278966
0.255811 0.331689 0.262667
0.194340 0.259040 0.319241
0.164868 -0.255015 0.294174
0.165115 0.184755 0.361957
0.424940 0.014470 0.402382
0.134917 0.343955 0.225235
0.254359 -0.293141 0.243270
0.435078 0.105178 0.399312
0.454590 0.224930 0.363469
0.474389 0.204678 0.374422
0.475388 0.283575 0.332624
0.225003 0.074947 0.394953
0.325325 -0.161050 0.350326
0.154587 -0.308067 0.236967
0.325638 -0.307808 0.216114
0.305069 0.202931 0.361954
0.314889 0.105422 0.393973
0.496029 -0.134071 0.362786
0.335022 -0.067200 0.388921
0.274927 0.144486 0.382256
0.264861 0.124996 0.386651
0.514711 -0.235411 0.284902
0.135032 0.094979 0.386594
0.274796 0.064792 0.397463
0.214875 -0.225007 0.314086
0.466167 0.322367 0.301666
0.345209 -0.126473 0.368020
0.144795 0.145137 0.373885
0.465433 -0.135078 0.362078
0.495600 0.258933 0.349096
0.135200 0.121200 0.380373
0.105099 -0.025058 0.394421
0.471700 -0.138900 0.359604
0.375500 -0.299500 0.218994
0.214754 0.035211 0.396851
0.204719 -0.044994 0.392062
0.215110 -0.317235 0.215469
0.374940 0.226580 0.357631
0.264629 -0.292386 0.242665
0.235337 -0.307563 0.226807
0.384356 -0.281956 0.242834
0.294885 0.064920 0.398246
0.414957 -0.276771 0.247413
0.274058 0.275247 0.315772
0.334700 -0.225124 0.307383
0.334353 0.205187 0.364019
0.185177 -0.098269 0.379308
0.115512 0.311625 0.262774
0.354753 0.164933 0.383194
0.254787 0.336940 0.256612
0.234926 -0.114635 0.374914
0.375383 0.154408 0.386982
0.316300 0.056880 0.400342
0.354100 -0.251750 0.281715
0.344660 0.185220 0.374466
0.365145 -0.226473 0.306310
0.283855 0.222900 0.351990
0.434267 -0.035442 0.398302
0.355078 0.382133 0.213031
0.294340 -0.015325 0.397506
0.184300 0.348010 0.227908
0.344827 -0.146755 0.358138
0.423050 -0.190800 0.330750
0.465313 0.095162 0.401150
0.185008 -0.114961 0.374186
0.394579 -0.235193 0.295708
0.315325 -0.193208 0.332508
0.404880 0.024730 0.402359
0.155312 0.354037 0.214237
0.194708 -0.333444 0.195136
0.324792 -0.126917 0.368318
0.254715 -0.065139 0.388920
0.264910 -0.305881 0.225156
0.245850 -0.228750 0.308989
0.134964 -0.114711 0.376712
0.144867 0.266854 0.306960
0.463200 0.159100 0.389694
0.345294 0.244894 0.345288
0.464700 0.275220 0.336841
0.193233 0.089000 0.389832
0.286500 -0.061600 0.390549
0.154733 -0.290533 0.260269
0.114896 0.234863 0.335025
0.215580 -0.122813 0.370919
0.324950 -0.098483 0.379430
0.235032 -0.294476 0.244960
0.295246 -0.092715 0.380694
0.124810 0.335453 0.235479
0.494280 -0.183340 0.331381
0.295955 0.282209 0.312801
0.375183 0.341800 0.272433
0.194930 -0.155158 0.357363
0.215161 0.075061 0.394936
0.494771 -0.272500 0.243358
0.234717 -0.261050 0.281499
0.293987 -0.097750 0.379110
0.233760 0.107850 0.389639
0.404927 -0.244980 0.285371
0.165672 -0.057594 0.389416
0.385354 0.215169 0.364177
0.234570 0.054504 0.397055
0.305243 -0.205143 0.324702
0.444700 0.275564 0.335255
0.434844 0.285467 0.326355
0.254872 -0.105172 0.377635
0.314429 -0.254065 0.283924
0.466600 -0.139700 0.359802
0.424983 -0.276850 0.246068
0.435750 -0.178175 0.339149
0.390000 0.260200 0.341095
0.384317 0.125425 0.393709
0.234553 -0.025353 0.395187
0.375029 0.164800 0.383231
0.114912 -0.197046 0.337760
0.169000 0.130700 0.380203
0.195004 -0.264585 0.283759
0.174900 -0.279500 0.269597
0.486160 -0.222140 0.301520
0.295200 0.310400 0.290100
0.284908 -0.105017 0.376914
0.236033 0.311133 0.281166
0.385400 0.164450 0.383191
0.464300 -0.061450 0.390396
0.104861 0.094833 0.386714
0.285343 0.024338 0.399288
0.314650 0.167788 0.378376
0.355769 0.014781 0.400880
0.474867 0.316750 0.306735
0.325556 0.262544 0.331799
0.345333 -0.180733 0.340495
0.426250 -0.259650 0.268753
0.304580 0.125090 0.388511
0.344759 -0.084747 0.383670
0.274777 0.184809 0.367195
0.264979 -0.264667 0.274863
0.474700 0.337733 0.287669
0.324900 -0.166112 0.347818
0.115025 0.005019 0.396151
0.424900 0.344930 0.274318
0.194479 0.187171 0.359279
0.175042 -0.248333 0.298749
0.305047 -0.274079 0.264111
0.354593 -0.025347 0.396181
0.164425 -0.330650 0.201126
0.335727 0.313164 0.293109
0.174034 0.015027 0.396254
0.305175 -0.199100 0.328697
0.324478 -0.035039 0.394885
0.165028 -0.114712 0.375827
0.387600 -0.299700 0.217896
0.254791 0.285596 0.305591
0.185233 -0.258967 0.289380
0.465813 0.124987 0.397238
0.154848 0.115072 0.382988
0.445233 -0.276233 0.245136
0.224897 0.005114 0.397608
0.384440 0.338080 0.277881
0.264704 0.064942 0.397477
0.085071 0.344642 0.215104
0.245113 -0.094146 0.381331
0.244648 0.015084 0.397864
0.214809 -0.286552 0.256212
0.485511 0.044789 0.404924
0.414733 0.134633 0.393140
0.345080 -0.247250 0.287358
0.174846 -0.293467 0.253763
0.494100 0.105033 0.400701
0.095082 0.314829 0.254943
0.404640 0.055500 0.402380
0.304050 -0.222550 0.311924
0.184797 0.275062 0.305385
0.244725 0.358712 0.227684
0.175090 -0.115150 0.374929
0.294873 0.254313 0.332889
0.125415 0.271700 0.301231
0.244787 0.274648 0.313633
0.444875 0.335817 0.286325
0.264756 -0.143288 0.361856
0.215033 -0.025185 0.394650
0.343675 0.218500 0.358727
0.354558 -0.203967 0.322974
0.455000 -0.201000 0.320496
0.185010 -0.231460 0.311479
0.174728 0.175119 0.363496
0.265483 -0.094017 0.381562
0.335300 0.284458 0.317324
0.484800 -0.055188 0.391498
0.255175 0.199225 0.359650
0.405167 0.377011 0.236099
0.414582 0.155173 0.387527
0.374743 -0.002600 0.400360
0.475400 -0.175650 0.338798
0.185116 0.165377 0.368381
0.505563 -0.282588 0.224573
0.254877 -0.175335 0.345985
0.325094 -0.015100 0.397724
0.534500 -0.190700 0.320694
0.265093 0.347386 0.245840
0.294700 -0.312208 0.213170
0.385450 -0.255964 0.276142
0.124820 -0.075016 0.387016
0.355000 -0.256379 0.276470
0.274829 -0.115352 0.374010
0.285319 -0.304648 0.224915
0.265216 0.355768 0.235805
0.214861 -0.164965 0.352744
0.175021 0.234896 0.332718
0.405867 0.201700 0.371033
0.094428 0.237055 0.325902
0.194596 -0.313581 0.224981
0.115150 0.330350 0.240295
0.304872 0.104939 0.393979
0.313233 0.187850 0.369016
0.335090 -0.215245 0.314560
0.214748 0.145522 0.378429
0.386033 -0.261000 0.271062
0.116917 0.121133 0.380168
0.294533 -0.308433 0.218450
0.415700 0.229200 0.359154
0.134668 0.035141 0.394663
0.454740 -0.178100 0.337781
0.374967 0.006117 0.401206
0.164813 -0.248875 0.298862
0.394800 -0.061150 0.390549
0.235440 0.212230 0.351511
0.465575 0.238075 0.358902
0.404070 0.104900 0.398491
0.425190 -0.296640 0.214679
0.223267 -0.200867 0.330434
0.414225 0.044963 0.403624
0.346600 0.319500 0.289902
0.475450 -0.097133 0.378965
0.334969 0.065892 0.399531
0.125105 0.044946 0.394221
0.475513 -0.154713 0.351972
0.404663 0.353088 0.262936
0.284020 0.369260 0.217697
0.325150 -0.121733 0.370985
0.523960 -0.267180 0.246100
0.154250 -0.131213 0.370703
0.124680 -0.153250 0.361340
0.277150 0.201325 0.360401
0.524725 -0.224638 0.294374
0.115128 -0.084911 0.385014
0.125329 -0.103900 0.380503
0.465600 0.182880 0.381677
0.285500 -0.279040 0.258542
0.445111 0.205256 0.372265
0.424567 -0.239133 0.288701
0.406650 0.291000 0.320251
0.455000 -0.066200 0.388727
0.484500 -0.232967 0.292201
0.304400 0.119900 0.389801
0.275091 -0.244596 0.294947
0.415236 0.334045 0.284518
0.155000 -0.065300 0.388756
0.204740 -0.230860 0.310782
0.434825 0.155625 0.388338
0.155053 0.074792 0.391137
0.485800 -0.268375 0.248497
0.443820 -0.262020 0.262381
0.154665 0.044910 0.394296
0.154792 -0.015166 0.394790
0.474527 0.044364 0.405365
0.367950 0.088800 0.399749
0.124917 -0.215517 0.326327
0.324718 -0.277600 0.256525
0.394600 -0.277600 0.247857
0.205309 -0.336204 0.184708
0.344464 0.045427 0.402064
0.144787 0.174489 0.364640
0.495278 -0.045233 0.392946
0.376500 0.221650 0.360604
0.485280 -0.044980 0.393912
0.344540 -0.055273 0.391222
0.174927 0.155086 0.371551
0.504889 -0.064989 0.387080
0.365289 0.193967 0.371480
0.404750 0.312487 0.302714
0.134783 0.004894 0.395194
0.234400 -0.144162 0.361633
0.395311 0.174456 0.381321
0.154989 0.359233 0.207309
0.325411 0.042422 0.400513
0.325440 0.372430 0.224268
0.464889 0.084833 0.402978
0.364767 -0.066800 0.388979
0.125126 0.282089 0.292153
0.214888 0.294248 0.294440
0.144958 0.164774 0.366757
0.274914 -0.065368 0.388786
0.233820 0.198030 0.358688
0.194963 -0.004983 0.395698
0.484800 0.283640 0.332422
0.184619 -0.124409 0.371220
0.384527 0.075087 0.401366
0.424540 0.206700 0.369217
0.174811 -0.015002 0.394849
0.435218 0.224791 0.362889
0.414725 -0.091475 0.380749
0.354833 0.371467 0.232300
0.404438 -0.085515 0.382637
0.295056 0.215233 0.355183
0.065391 0.183242 0.351642
0.475033 0.084978 0.404182
0.474883 0.352550 0.273015
0.184694 -0.242867 0.302211
0.154792 -0.178462 0.348932
0.254933 0.025029 0.398567
0.124564 0.276484 0.297089
0.425000 -0.084236 0.383447
0.443900 0.280800 0.331100
0.324257 -0.302836 0.224078
0.504489 -0.276744 0.234144
0.515800 -0.168425 0.338902
0.365144 -0.104756 0.376651
0.495500 -0.138700 0.359199
0.084893 0.094856 0.384991
0.235059 0.004916 0.397738
0.155010 -0.145049 0.364611
0.275150 -0.239050 0.299278
0.475210 0.305330 0.316611
0.365277 0.244485 0.346656
0.294830 -0.034778 0.395421
0.154978 0.294356 0.284077
0.195187 0.241213 0.331013
0.162333 -0.129200 0.369899
0.304778 -0.161711 0.351278
0.224067 -0.290433 0.250931
0.335127 0.225053 0.354324
0.434178 0.335722 0.285087
0.385525 -0.061825 0.390350
0.364592 0.164792 0.383323
0.114175 0.338700 0.228714
0.144818 0.318209 0.258381
0.435220 -0.271320 0.251801
0.465067 -0.074878 0.386045
0.286250 -0.259950 0.279495
0.238900 0.340100 0.250397
0.294383 0.348517 0.247965
0.454500 0.174257 0.383172
0.314553 0.345807 0.255474
0.315391 -0.287136 0.246798
0.255072 -0.135288 0.365957
0.355007 0.275187 0.326573
0.264746 -0.115025 0.373437
0.086700 0.310150 0.260253
0.144935 0.074722 0.390906
0.495429 -0.125600 0.367800
0.134950 0.340000 0.230751
0.144974 -0.085026 0.383996
0.124858 0.094973 0.386884
0.274695 0.075009 0.396573
0.397900 -0.269700 0.259598
0.334817 -0.134767 0.364140
0.235184 0.015068 0.398059
0.465283 0.342967 0.282583
0.376500 -0.260100 0.270996
0.266430 0.302700 0.292949
0.164875 -0.275547 0.275423
0.343650 0.339100 0.269051
0.064020 0.238240 0.318747
0.504714 -0.194414 0.323356
0.124257 0.222691 0.342197
0.144600 -0.153236 0.361817
0.414620 0.185750 0.377081
0.384133 0.361367 0.251567
0.485820 -0.188160 0.328076
0.352350 -0.120500 0.370353
0.101750 -0.128783 0.369481
0.305140 0.276990 0.317752
0.462900 -0.261050 0.261696
0.274892 -0.024848 0.396516
0.065471 0.233394 0.322643
0.234675 -0.318925 0.208437
0.465240 0.232900 0.360904
0.174938 0.145015 0.375264
0.212650 0.099000 0.389648
0.294745 0.305209 0.294694
0.234610 -0.271560 0.271571
0.304662 -0.134671 0.364651
0.494250 0.244675 0.356674
0.524550 -0.167075 0.338276
0.223700 0.338800 0.248896
0.367400 0.270700 0.331047
0.322120 0.026400 0.400504
0.244511 0.055281 0.397315
0.124838 -0.234803 0.313400
0.224925 0.249000 0.329349
0.314410 -0.308230 0.216800
0.279800 0.270600 0.320801
0.313894 0.045350 0.399619
0.234970 0.224896 0.344318
0.355075 -0.185330 0.335870
0.154535 -0.244900 0.303648
0.414713 0.313587 0.303350
0.314794 -0.035000 0.394395
0.315045 -0.004910 0.398920
0.524580 -0.263200 0.252539
0.225287 0.102667 0.390513
0.394453 0.014747 0.402168
0.284694 -0.216388 0.317193
0.174450 0.338925 0.238215
0.545311 -0.265422 0.245414
0.254704 -0.255145 0.285064
0.134695 0.327057 0.246939
0.144678 0.298600 0.278534
0.354529 -0.275035 0.255034
0.496467 -0.007967 0.399602
0.534700 -0.248767 0.268504
0.164935 0.365439 0.194909
0.475260 0.233520 0.360965
0.435573 0.195382 0.375427
0.076340 0.331180 0.231740
0.124913 -0.035051 0.392983
0.114873 0.094890 0.387104
0.455043 0.144514 0.392515
0.405529 0.092757 0.400330
0.143962 -0.311362 0.232224
0.315183 0.294939 0.305900
0.375025 0.258650 0.339123
0.204129 0.298457 0.288385
0.264762 -0.174846 0.344839
0.424964 0.004736 0.401235
0.431700 0.369100 0.248505
0.215200 0.261233 0.320750
0.214955 -0.194972 0.335115
0.405100 0.343450 0.273600
0.085483 0.252526 0.312174
0.320900 -0.180700 0.340805
0.384664 0.105079 0.397645
0.505389 -0.104689 0.373299
0.124268 0.233148 0.332929
0.234711 0.273905 0.312937
0.174512 -0.203642 0.332120
0.374792 0.294777 0.314154
0.134359 0.287665 0.287652
0.334400 0.352117 0.252017
0.493567 0.217767 0.369202
0.456650 -0.279800 0.238945
0.493100 -0.251400 0.270096
0.284167 -0.058967 0.389862
0.384838 -0.147275 0.358288
0.295110 0.145537 0.382842
0.184666 -0.274307 0.274319
0.255029 -0.298186 0.237029
0.254870 0.214825 0.352356
0.484725 -0.214675 0.306324
0.185107 -0.247633 0.297932
0.174790 0.115042 0.383509
0.455636 0.064927 0.404171
0.335012 -0.122400 0.371052
0.264900 -0.186126 0.337810
0.185467 0.362567 0.214249
0.287200 0.240350 0.340195
0.264461 0.285350 0.306612
0.474575 0.117250 0.399151
0.317800 -0.210450 0.320007
0.114712 0.054870 0.393173
0.415071 0.202657 0.371159
0.374755 -0.203864 0.322873
0.424713 0.363675 0.253489
0.445422 0.175367 0.382323
0.245325 -0.062525 0.390808
0.425025 0.084392 0.401767
0.495010 -0.165060 0.343970
0.394493 -0.154807 0.353173
0.134936 0.266086 0.306692
0.294625 -0.142975 0.361132
0.404700 -0.121000 0.370300
0.324667 -0.221683 0.311251
0.083751 0.067018 0.389235
0.425891 -0.234273 0.293635
0.165181 0.333343 0.244442
0.144611 0.156744 0.368934
0.115012 0.286631 0.287149
0.142933 0.249000 0.319565
0.124663 0.326396 0.246375
0.155000 0.299150 0.279320
0.405300 -0.287183 0.234984
0.087533 0.301033 0.270498
0.255278 -0.234948 0.303730
0.445600 0.124822 0.396588
0.150350 -0.059650 0.389495
0.364400 -0.291714 0.232001
0.174975 0.334018 0.244860
0.268300 -0.259100 0.279495
0.304779 0.214563 0.356215
0.285437 0.034363 0.399523
0.244728 0.263239 0.322950
0.254659 0.173041 0.371278
0.484967 0.135433 0.395176
0.464540 -0.232380 0.292444
0.184805 -0.025156 0.394179
0.224504 0.254958 0.325481
0.295033 -0.319117 0.197701
0.233940 -0.311410 0.222360
0.345650 0.381217 0.213216
0.474867 -0.221917 0.301720
0.175005 -0.074893 0.385788
0.354475 -0.196583 0.327816
0.473600 0.300900 0.320297
0.154679 0.337642 0.236727
0.205103 0.065294 0.394318
0.225190 0.244115 0.332391
0.176123 0.252354 0.321202
0.314375 0.053058 0.399385
0.356511 0.083400 0.400797
0.384720 0.265210 0.336578
0.204606 0.362325 0.213258
0.225412 -0.205371 0.327264
0.194948 0.194761 0.356490
0.254933 0.327611 0.267436
0.324508 0.346583 0.256292
0.504710 -0.175340 0.336330
0.124871 -0.005038 0.395543
0.255100 -0.318380 0.207892
0.255340 0.291040 0.300760
0.144911 -0.184900 0.345579
0.324078 0.126500 0.389455
0.337383 0.015833 0.400287
0.074292 0.326972 0.236083
0.254321 0.045100 0.398480
0.384900 -0.197217 0.328552
0.214900 0.284119 0.303585
0.314537 -0.097950 0.379526
0.414309 -0.264200 0.263754
0.489200 -0.259000 0.259598
0.184532 -0.195429 0.336600
0.414617 0.054875 0.403242
0.425358 -0.254458 0.273266
0.125071 -0.024865 0.394514
0.282100 -0.199200 0.329697
0.306029 0.302314 0.302859
0.334275 -0.209025 0.319225
0.504963 -0.156050 0.347851
0.155613 -0.196721 0.338129
0.264780 0.075300 0.396424
0.454780 0.152180 0.391238
0.144933 0.064902 0.391918
0.346033 0.192150 0.370849
0.215143 0.004880 0.397019
0.390100 -0.240400 0.290894
0.215396 0.164657 0.371849
0.416900 -0.290200 0.230103
0.184822 -0.214975 0.323753
0.473300 -0.061333 0.390635
0.375356 -0.127322 0.368166
0.425036 0.025209 0.402609
0.504520 -0.255310 0.264050
0.325212 0.267187 0.328211
0.455067 -0.205450 0.316748
0.394910 0.095630 0.399422
0.354150 -0.270450 0.261802
0.352267 0.358600 0.248464
0.254500 -0.075112 0.386574
0.305644 -0.114822 0.374366
0.504383 -0.084150 0.381050
0.184600 0.135291 0.378881
0.195475 -0.170550 0.350151
0.494886 0.165043 0.387957
0.264805 -0.273652 0.264709
0.214724 -0.085142 0.383185
0.164574 0.135205 0.377733
0.364975 -0.204133 0.323568
0.444745 -0.134445 0.362821
0.404985 -0.235762 0.295617
0.445500 0.320850 0.300697
0.334567 -0.297656 0.228244
0.444714 0.293914 0.322501
0.154903 -0.285531 0.265225
0.214575 0.319125 0.269051
0.393520 0.125210 0.394050
0.494933 -0.095378 0.378323
0.118600 -0.160200 0.360001
0.503525 -0.002700 0.400326
0.104864 -0.035184 0.393111
0.295182 -0.273535 0.264560
0.144955 0.034993 0.394861
0.481600 -0.210900 0.310303
0.216022 0.351044 0.232478
0.405109 0.175427 0.381590
0.425200 0.358850 0.258446
0.454917 0.024342 0.403910
0.202300 0.189200 0.359635
0.194682 -0.034960 0.393247
0.395000 0.347617 0.267515
0.195446 0.302331 0.282446
0.492100 0.238700 0.359406
0.465350 0.361675 0.263054
0.275205 0.325737 0.274869
0.184841 -0.155594 0.357762
0.174928 -0.265356 0.285181
0.194544 0.296878 0.287272
0.315106 -0.315329 0.205125
0.465550 0.015213 0.403687
0.164591 0.346227 0.225738
0.224830 0.115296 0.387685
0.324444 -0.065650 0.388937
0.435150 0.330650 0.290749
0.475171 0.124729 0.398583
0.215194 0.265794 0.317017
0.135943 0.151721 0.370643
0.344708 0.274885 0.325262
0.194471 0.034837 0.396034
0.104866 0.275440 0.296085
0.224409 -0.058200 0.389671
0.344945 0.373809 0.224883
0.255035 0.084961 0.395375
0.506433 -0.136583 0.358500
0.464000 0.212400 0.370666
0.454989 0.366456 0.255459
0.464992 -0.265608 0.255491
0.336089 0.123367 0.391134
0.077820 0.292560 0.283740
0.165237 0.004767 0.395671
0.156000 -0.259850 0.289993
0.414880 0.148300 0.389520
0.254262 -0.217731 0.317753
0.175725 -0.098500 0.379853
0.465300 0.245244 0.355125
0.275170 -0.255360 0.285122
0.445350 -0.075310 0.386139
0.244971 -0.067182 0.388859
0.375100 -0.185711 0.336034
0.201050 0.228600 0.339546
0.334493 0.255464 0.336892
0.425488 -0.212587 0.312786
0.523950 -0.270350 0.240753
0.234612 -0.224569 0.313520
0.135527 -0.131655 0.370618
0.185207 -0.207950 0.328714
0.244904 0.004763 0.397622
0.224854 0.095007 0.392021
0.157650 0.251100 0.320702
0.175100 0.311550 0.271114
0.324473 0.306627 0.296683
0.385330 0.024460 0.402339
0.384250 0.240200 0.350395
0.394500 -0.220700 0.310104
0.174764 0.045038 0.394808
0.434920 0.364270 0.254482
0.335673 -0.094400 0.380829
0.294775 -0.084910 0.383246
0.085008 0.328100 0.237932
0.326600 0.060900 0.400155
0.185118 0.222500 0.341283
0.393600 0.362380 0.251880
0.305084 0.144847 0.383590
0.435150 0.180450 0.380996
0.335227 -0.155180 0.354627
0.264895 0.264395 0.322847
0.334600 -0.271829 0.262355
0.315133 0.277967 0.318334
0.274570 0.055239 0.398033
0.415214 0.143786 0.390817
0.505375 -0.052650 0.390449
0.194921 -0.053746 0.390733
0.235009 0.284309 0.304299
0.354946 -0.235992 0.296731
0.337250 0.361350 0.241699
0.314600 0.340833 0.260732
0.144755 0.244418 0.323085
0.460800 0.370300 0.250595
0.374700 -0.231500 0.301234
0.414825 -0.253775 0.274233
0.334800 0.191150 0.370452
0.464637 -0.223063 0.302252
0.195100 -0.231357 0.311013
0.184550 -0.340350 0.180450
0.435356 0.304300 0.313334
0.505900 -0.246322 0.274489
0.505425 -0.057375 0.389076
0.355073 0.245120 0.345345
0.463800 -0.211100 0.310806
0.114926 -0.045118 0.392390
0.154989 -0.152128 0.361273
0.162250 0.318450 0.259705
0.374475 0.360900 0.250725
0.424964 -0.195850 0.325724
0.104705 0.055012 0.393288
0.155110 -0.294648 0.254877
0.154975 -0.311475 0.232091
0.474650 -0.242600 0.283168
0.464371 0.115871 0.398728
0.094873 0.353908 0.205203
0.245093 -0.045321 0.392474
0.254840 -0.035100 0.394672
0.227867 -0.169167 0.348999
0.225300 0.319800 0.269501
0.174802 -0.044916 0.392041
0.194430 0.015120 0.396071
0.075275 0.342950 0.214322
0.495514 0.265743 0.345171
0.425225 0.143425 0.391087
0.185337 0.083046 0.391025
0.344963 -0.242750 0.291538
0.184827 0.203455 0.351800
0.415380 0.207500 0.369180
0.155255 -0.185262 0.344831
0.294765 0.334671 0.264936
0.214867 0.355444 0.225221
0.495500 -0.014850 0.398688
0.382850 0.288950 0.319099
0.195050 0.327507 0.257298
0.515200 -0.258450 0.258950
0.305592 0.373883 0.214475
0.236443 0.141686 0.380628
0.195090 -0.184710 0.342545
0.325188 0.065265 0.398788
0.154080 -0.299280 0.248956
0.374400 0.095607 0.398207
0.274150 0.116867 0.389050
0.254862 0.316985 0.277454
0.084960 0.045044 0.391636
0.127967 0.260333 0.310633
0.394200 -0.141940 0.360520
0.424967 -0.074983 0.386224
0.135040 -0.255446 0.295977
0.341850 0.254950 0.339100
0.364867 0.346700 0.266056
0.403971 0.097129 0.399898
0.244807 -0.035290 0.394094
0.105008 0.104966 0.384463
0.274655 0.292818 0.302590
0.355180 0.104733 0.397146
0.484750 0.175900 0.383938
0.395617 0.142150 0.390549
0.185730 0.321850 0.261861
0.435100 -0.280400 0.241302
0.225048 0.204996 0.354535
0.384955 -0.066582 0.388963
0.284075 -0.092433 0.380975
0.228100 -0.319500 0.208837
0.153150 0.349500 0.219002
0.474640 -0.084630 0.383130
0.454875 -0.113825 0.371464
0.439700 0.250500 0.350098
0.274539 -0.223806 0.312400
0.464789 0.194878 0.377036
0.464850 -0.084880 0.383109
0.275170 -0.305213 0.225427
0.145074 -0.265639 0.285944
0.144600 -0.131618 0.370417
0.224879 0.065414 0.395864
0.435680 0.174710 0.382549
0.294887 -0.278663 0.258312
0.164737 -0.294234 0.254495
0.184545 -0.004862 0.395390
0.245029 0.224867 0.345891
0.383960 0.221320 0.360761
0.355280 0.354750 0.254990
0.455527 -0.165209 0.345983
0.444890 0.094620 0.400838
0.194468 0.005518 0.395984
0.154679 0.255365 0.316541
0.104926 -0.114723 0.375575
0.304900 -0.312300 0.212410
0.124650 -0.227200 0.317637
0.195038 0.084515 0.391174
0.073400 0.108006 0.379564
0.214983 -0.324087 0.205005
0.305463 0.115179 0.392476
0.355100 -0.215069 0.314239
0.339200 0.380800 0.211197
0.214942 -0.057032 0.389667
0.084672 0.035199 0.392367
0.496100 0.190200 0.380402
0.334977 -0.267477 0.266877
0.465562 -0.173500 0.341665
0.174700 -0.310937 0.231676
0.344994 0.105344 0.396388
0.145230 -0.285990 0.265419
0.134911 0.126160 0.378962
0.224164 0.357000 0.226700
0.373414 0.177029 0.379257
0.505244 -0.045078 0.392309
0.374988 -0.066650 0.389288
0.485611 0.053978 0.405102
0.244983 -0.307043 0.225182
0.175047 0.135150 0.378878
0.435013 0.055000 0.403713
0.385200 -0.269600 0.259705
0.476150 0.075262 0.405314
0.426120 0.381840 0.232260
0.435075 -0.075150 0.385744
0.174875 0.291637 0.291523
0.324662 -0.272662 0.263054
0.268400 0.370000 0.210800
0.304940 0.364133 0.233542
0.214300 0.191417 0.360481
0.294389 0.294717 0.303472
0.074632 0.228363 0.328411
0.154889 -0.315967 0.224977
0.116967 0.229017 0.339299
0.294575 0.287187 0.308453
0.135057 -0.285557 0.265043
0.443275 -0.238400 0.286972
0.204990 -0.155345 0.357394
0.154933 -0.323000 0.214511
0.255492 0.322600 0.272081
0.196367 -0.219267 0.319468
0.217350 0.309800 0.279648
0.205465 -0.244135 0.303039
0.485112 0.024712 0.404127
0.224650 0.368167 0.206459
0.245233 -0.148833 0.359650
0.215072 -0.115225 0.373577
0.165124 0.055024 0.393908
0.375500 0.054773 0.402435
0.394425 -0.105600 0.375867
0.308400 -0.058550 0.389748
0.450900 0.110100 0.400299
0.275114 0.104864 0.391837
0.285410 -0.097210 0.379381
0.454818 -0.135564 0.362145
0.444709 0.214818 0.367326
0.153521 0.192093 0.360829
0.364656 0.204850 0.366179
0.255104 0.065392 0.397743
0.114921 -0.144962 0.365951
0.284926 -0.255313 0.284811
0.305005 -0.004926 0.398089
0.255260 0.074700 0.397347
0.195066 -0.025247 0.394217
