0.458763 -0.046750 -0.284552
0.495267 -0.093283 -0.304916
0.478820 -0.018320 -0.345319
0.585320 -0.135160 -0.314496
0.634950 -0.142900 -0.288796
0.482942 0.004442 -0.325050
0.644550 -0.084000 -0.241500
0.634000 -0.117950 -0.241852
0.621100 -0.087100 -0.239502
0.594420 -0.145060 -0.325543
0.562100 -0.048600 -0.258904
0.614500 -0.132200 -0.284302
0.587800 -0.069000 -0.248596
0.634075 -0.157825 -0.314850
0.470800 -0.086900 -0.358093
0.494940 -0.023520 -0.271280
0.595300 -0.055233 -0.255702
0.641000 -0.119100 -0.238800
0.462450 -0.055383 -0.325814
0.466200 -0.082240 -0.306341
0.482069 -0.015046 -0.354768
0.525633 -0.080900 -0.257065
0.464080 -0.055980 -0.261929
0.606400 -0.110300 -0.248398
0.554680 -0.096600 -0.263699
0.553833 -0.006167 -0.281235
0.483433 -0.008067 -0.279165
0.626750 -0.122050 -0.255203
0.563700 -0.129000 -0.320404
0.554700 -0.009700 -0.279404
0.574933 -0.111933 -0.277105
0.456600 -0.062067 -0.276057
0.576350 -0.082900 -0.241547
0.468890 -0.025990 -0.304958
0.495950 -0.072900 -0.264997
0.505000 -0.107640 -0.325424
0.500900 -0.108600 -0.331100
0.586617 -0.145250 -0.327301
0.535167 -0.108633 -0.302663
0.555380 -0.015440 -0.276138
0.633000 -0.101400 -0.232895
0.462825 -0.034969 -0.284951
0.532500 -0.098333 -0.285065
0.456067 -0.084783 -0.335708
0.554280 -0.035660 -0.265601
0.464457 -0.095700 -0.334713
0.527450 -0.111850 -0.315598
0.453957 -0.065329 -0.294664
0.496000 -0.028400 -0.268707
0.573500 -0.108550 -0.271446
0.463987 -0.044947 -0.314619
0.506200 -0.008833 -0.278935
0.543800 -0.117750 -0.313820
0.617000 -0.089700 -0.238205
0.621600 -0.130000 -0.274506
0.494467 -0.107467 -0.334066
0.494850 -0.043250 -0.261375
0.637400 -0.049300 -0.258896
0.485371 -0.084671 -0.295641
0.458686 -0.085057 -0.345099
0.565033 -0.034850 -0.266083
0.505300 -0.054883 -0.255234
0.513800 -0.099300 -0.301834
0.485086 -0.054829 -0.255358
0.459600 -0.070600 -0.288803
0.584367 -0.139400 -0.327098
0.643000 -0.043633 -0.262034
0.472400 -0.044514 -0.354793
0.484900 0.011200 -0.322448
0.563967 -0.068367 -0.248830
0.485850 -0.081750 -0.289146
0.458633 -0.093600 -0.343135
0.600100 -0.129500 -0.290894
0.575133 -0.015167 -0.276637
0.642750 -0.035800 -0.266205
0.481386 -0.034600 -0.375571
0.460650 -0.084850 -0.348198
0.514300 -0.095875 -0.294823
0.544200 -0.108067 -0.294835
0.523250 -0.118875 -0.345772
0.554220 -0.091660 -0.254599
0.633900 -0.121450 -0.248749
0.469200 -0.019000 -0.291199
0.554680 -0.075080 -0.245361
0.565400 -0.127100 -0.315022
0.639600 -0.150600 -0.299896
0.604900 -0.074760 -0.245761
0.543440 -0.102720 -0.284799
0.594375 -0.043150 -0.261925
0.551700 -0.099100 -0.270798
0.536033 0.002333 -0.285634
0.475456 -0.034278 -0.354411
0.584100 -0.043233 -0.261734
0.545725 -0.114275 -0.305401
0.493000 0.011700 -0.289902
0.546950 -0.047550 -0.259346
0.564233 -0.091733 -0.246897
0.534950 -0.047950 -0.259300
0.459300 -0.058150 -0.313500
0.515867 -0.072333 -0.248235
0.458189 -0.075122 -0.334790
0.473944 -0.005233 -0.284411
0.474100 -0.096900 -0.357498
0.471479 -0.014521 -0.295650
0.632650 -0.149150 -0.302750
0.504460 -0.096740 -0.304678
0.615500 -0.030000 -0.268997
0.491700 -0.069000 -0.260696
0.484460 -0.093660 -0.314258
0.628000 -0.048700 -0.259201
0.577350 -0.091900 -0.238754
0.565000 -0.043450 -0.261650
0.637150 -0.084600 -0.240997
0.535383 -0.094417 -0.275133
0.525200 -0.004667 -0.281565
0.500400 -0.100000 -0.314194
0.458462 -0.056023 -0.304638
0.605200 -0.047300 -0.259849
0.475029 -0.075014 -0.285084
0.480467 -0.003033 -0.327331
0.553080 -0.107220 -0.285776
0.477933 -0.045600 -0.373947
0.604180 -0.095360 -0.235602
0.574500 -0.063067 -0.251566
0.620600 -0.149900 -0.314499
0.605200 -0.023800 -0.272298
0.545100 -0.023650 -0.271698
0.633625 -0.134875 -0.274498
0.614500 -0.064300 -0.251053
0.544083 -0.087667 -0.255117
0.556800 -0.113480 -0.294839
0.465714 -0.045136 -0.324612
0.455400 -0.071883 -0.294902
0.469600 -0.038533 -0.333435
0.594800 -0.022850 -0.272598
0.525460 -0.085040 -0.264999
0.454608 -0.074542 -0.315816
0.565600 -0.122475 -0.305531
0.515240 -0.092260 -0.287179
0.544400 -0.027550 -0.269653
0.525280 -0.036300 -0.265018
0.565350 -0.015700 -0.276204
0.524633 -0.094800 -0.284615
0.494767 0.006200 -0.286850
0.581950 -0.118050 -0.283401
0.585925 -0.115375 -0.274776
0.586300 -0.082767 -0.241628
0.466180 -0.072420 -0.286999
0.474400 -0.035529 -0.264971
0.555650 -0.103550 -0.276527
0.524133 -0.048833 -0.258499
0.606300 -0.043100 -0.262001
0.586700 -0.110600 -0.264893
0.614733 -0.127667 -0.275503
0.648300 -0.050000 -0.258896
0.573867 -0.099267 -0.253530
0.494525 -0.008450 -0.278999
0.523425 -0.088675 -0.273826
0.506000 -0.082433 -0.275500
0.475938 -0.005154 -0.304660
0.479050 -0.037950 -0.372398
0.476573 -0.024473 -0.344691
0.532100 -0.028500 -0.269248
0.495343 -0.103214 -0.324958
0.633850 -0.146050 -0.295754
0.566800 -0.132733 -0.325567
0.515033 -0.085933 -0.275032
0.484233 0.012678 -0.314889
0.644000 -0.158400 -0.311394
0.512600 -0.113500 -0.331207
0.548200 -0.101700 -0.279099
0.515360 -0.112340 -0.326599
0.623775 -0.136475 -0.285301
0.604575 -0.054525 -0.256176
0.472133 -0.078233 -0.293564
0.575125 -0.055075 -0.255623
0.466677 -0.054877 -0.344449
0.565220 -0.085220 -0.241559
0.492600 -0.107900 -0.354652
0.584300 -0.142300 -0.330795
0.584700 -0.055560 -0.255481
0.596500 -0.082650 -0.241699
0.594625 -0.096575 -0.236252
0.464094 -0.035287 -0.294811
