-0.760100 0.150400 -0.330795
-0.811500 0.224300 0.235901
-0.840100 -0.261400 -0.381500
-0.713950 0.241300 0.212395
-0.783133 0.233933 -0.244298
-0.715280 0.104920 0.333319
-0.694967 -0.412233 -0.243164
-0.824800 0.014633 0.369395
-0.873900 -0.248500 -0.388504
-0.673575 -0.404150 -0.255352
-0.837700 -0.422500 -0.254898
-0.784500 -0.406800 -0.267646
-0.788200 -0.282000 0.341797
-0.762250 -0.024550 0.373550
-0.842400 -0.156800 0.379501
-0.802650 0.295900 -0.115204
-0.733350 0.185000 0.272598
-0.807400 -0.497100 -0.056702
-0.884100 0.158900 -0.316193
-0.714950 0.257450 -0.224376
-0.863533 0.095167 -0.363200
-0.846950 -0.466800 -0.183448
-0.878400 -0.013200 -0.404205
-0.636550 -0.480450 0.014649
-0.625250 -0.464500 -0.125252
-0.696500 -0.431000 0.181702
-0.918500 0.160700 -0.311295
-0.919000 0.220300 -0.243500
-0.769700 -0.388000 0.259995
-0.926933 0.281600 -0.105097
-0.664750 -0.294550 -0.354523
-0.828200 -0.478750 0.117600
-0.859367 -0.065667 0.381999
-0.755350 0.293950 -0.135322
-0.790900 -0.036000 0.380203
-0.933600 0.248900 0.163094
-0.725400 0.107633 0.328400
-0.785000 0.290750 -0.134552
-0.795400 -0.497350 0.003655
-0.736500 -0.470000 0.111603
-0.655150 -0.337300 0.287300
-0.735800 0.288850 -0.155899
-0.905400 0.114700 -0.347900
-0.824875 -0.364600 0.284477
-0.772900 0.288350 0.103645
-0.762800 -0.015050 -0.397301
-0.817183 -0.025033 0.385699
-0.674360 -0.145320 0.374439
-0.684660 -0.124640 0.377698
-0.635050 -0.303100 0.311455
-0.885800 0.098000 -0.359802
-0.825300 0.042200 -0.390602
-0.883750 0.024100 -0.393250
-0.763650 -0.494550 0.084053
-0.744700 -0.015800 -0.400935
-0.847850 -0.503550 -0.033501
-0.927800 0.216000 0.218597
-0.861500 -0.502000 -0.070496
-0.726267 -0.125400 0.375061
-0.812800 -0.403650 0.243699
-0.705550 0.075925 0.345321
-0.674620 -0.482920 -0.034003
-0.875300 -0.445300 -0.229202
-0.896600 -0.115950 0.383804
-0.934500 0.146350 0.291550
-0.704150 -0.054450 -0.412147
-0.775400 0.055633 0.352600
-0.695767 -0.094283 -0.414230
-0.867600 -0.387200 -0.299301
-0.723550 -0.245750 -0.377148
-0.814350 -0.266500 0.347153
-0.892250 0.015100 -0.396049
-0.724550 0.297917 -0.135882
-0.823157 -0.004700 0.376129
-0.695733 -0.484700 -0.005768
-0.866300 0.003500 -0.400101
-0.894800 0.160800 0.282394
-0.815600 -0.085300 -0.414802
-0.803400 -0.449500 -0.206802
-0.754400 0.263633 -0.204366
-0.724250 -0.452950 0.144798
-0.734300 0.293440 -0.145059
-0.684533 -0.155333 -0.408366
-0.742000 -0.487250 0.054451
-0.715350 -0.015300 -0.405853
-0.776250 -0.063450 0.379807
-0.676350 -0.198000 -0.398551
-0.734267 -0.244667 0.345866
-0.908300 0.053100 0.350296
-0.685200 -0.338050 0.287704
-0.889000 -0.036050 0.377953
-0.895900 0.185500 0.258148
-0.824033 -0.196167 0.371867
-0.795200 0.294400 0.084462
-0.653200 -0.317300 -0.338151
-0.724050 -0.274075 -0.363274
-0.706133 -0.476200 -0.094167
-0.716300 -0.461500 0.122993
-0.715200 0.308600 0.065532
-0.843350 -0.224300 -0.395546
-0.873300 0.203250 -0.272651
-0.805850 -0.305400 -0.357498
-0.867400 0.153100 -0.322701
-0.902100 0.283650 -0.106453
-0.771200 -0.430400 0.211899
-0.775850 -0.448800 -0.204300
-0.795500 0.241050 -0.232750
-0.911600 0.287600 0.053047
-0.868300 -0.131500 0.383194
-0.733400 -0.398600 0.228607
-0.791600 0.291100 -0.132996
-0.907500 0.280100 -0.118195
-0.772633 -0.115133 0.379166
-0.925000 0.203900 -0.265152
-0.854850 0.287375 0.096226
-0.764517 -0.496350 0.005102
-0.693925 -0.304925 0.312450
-0.695025 -0.116350 0.378426
-0.855533 -0.065200 -0.413000
-0.887350 0.296150 -0.023598
-0.745000 0.311367 -0.055034
-0.816600 -0.163833 0.378499
-0.779100 -0.323900 0.317307
-0.865650 -0.397900 0.256797
-0.786100 -0.481800 0.094056
-0.704025 0.123800 0.323025
-0.867750 -0.214800 0.368546
-0.834867 -0.364400 -0.316666
-0.834500 -0.412550 0.236100
-0.685867 -0.034333 -0.411738
-0.724000 -0.394475 -0.265103
-0.928650 0.288600 -0.064850
-0.706050 -0.163500 0.370552
-0.854300 0.300600 -0.120804
-0.782580 -0.314260 -0.353781
-0.912500 0.092900 0.330200
-0.885750 0.293000 0.036201
-0.755650 0.309175 -0.056900
-0.901600 0.200500 -0.271805
-0.839150 -0.501750 0.014602
-0.814700 0.290000 0.104996
-0.704867 0.286100 0.135936
-0.834000 -0.066150 -0.413505
-0.765133 0.276767 0.135931
-0.854050 0.297350 -0.073799
-0.715700 0.277100 0.156098
-0.764500 0.257000 0.174367
-0.794200 -0.316800 -0.349594
-0.813400 -0.369400 0.279297
-0.897000 -0.316650 0.325599
-0.806450 -0.104850 -0.415451
-0.724550 0.125025 -0.353023
-0.702900 -0.482250 -0.054054
-0.776900 0.269900 0.152496
-0.824550 0.063150 -0.382401
-0.637600 -0.251900 0.340698
-0.883800 -0.421600 0.231903
-0.766900 -0.474267 0.124553
-0.716700 0.229600 0.229294
-0.934000 0.106700 -0.351296
-0.875100 0.024750 0.362549
-0.715650 -0.385650 0.243546
-0.693700 -0.484250 -0.024552
-0.733700 -0.238300 -0.379700
-0.811650 -0.487200 0.083198
-0.863600 0.117900 -0.349197
-0.764633 0.294467 0.085063
-0.719800 0.160000 -0.330399
-0.803600 -0.498600 -0.024002
-0.785100 -0.334975 -0.336250
-0.745833 -0.184033 0.366602
-0.840700 -0.288300 -0.368698
-0.841100 -0.427500 0.217804
-0.931550 0.290150 -0.045799
-0.857700 -0.168900 -0.409195
-0.755400 -0.496700 0.042900
-0.868900 -0.442200 -0.232803
-0.757650 -0.434550 -0.222702
-0.736933 0.207600 -0.284037
-0.665367 -0.343767 0.282501
-0.764433 0.065967 0.346766
-0.724233 0.261300 0.184036
-0.734933 -0.402800 0.223801
-0.733600 0.057100 0.349396
-0.728500 0.311833 0.034698
-0.654000 -0.421800 0.191605
-0.793700 0.205900 0.253952
-0.674567 -0.304833 0.311869
-0.721400 -0.441200 -0.192398
-0.745400 0.184825 -0.304550
-0.706700 -0.322150 0.301048
-0.876000 -0.394600 0.261703
-0.875650 0.263250 -0.176697
-0.856900 0.199000 -0.279999
-0.675075 -0.398050 0.225925
-0.825400 -0.146950 0.380295
-0.786400 -0.015933 0.376236
-0.696500 -0.470300 0.093704
-0.626500 -0.462567 -0.132472
-0.705540 -0.174440 0.368561
-0.724200 -0.433640 -0.204538
-0.849700 0.239700 -0.227600
-0.731100 -0.384800 -0.276993
-0.804700 -0.440500 0.192398
-0.847700 -0.085367 0.383540
-0.796767 0.283567 -0.153900
-0.685200 -0.423200 0.192749
-0.634660 -0.461520 0.104642
-0.734200 0.300300 -0.121201
-0.716467 -0.183533 -0.399363
-0.654525 -0.405975 0.214672
-0.903200 0.272950 -0.143249
-0.896567 0.287000 -0.094767
-0.765000 0.131050 -0.341248
-0.875150 -0.293100 0.337402
-0.763767 0.263133 0.163071
-0.776100 -0.474450 -0.146355
-0.827550 -0.500850 0.004654
-0.835300 -0.489200 -0.117493
-0.802600 0.047250 0.361901
-0.704167 -0.428733 -0.215464
-0.763000 -0.255150 0.342598
-0.745367 0.197433 0.256668
-0.882450 0.123200 -0.343750
-0.732500 -0.207900 0.359695
-0.761150 0.310050 -0.032699
-0.814800 -0.311200 0.323196
-0.718300 0.047500 -0.389496
-0.856033 -0.225167 -0.395630
-0.856333 0.299167 -0.044932
-0.655400 -0.268300 -0.368446
-0.644650 -0.417700 0.196900
-0.687233 -0.124533 -0.412735
-0.683867 -0.405833 0.215536
-0.785350 -0.343200 0.301598
-0.892050 0.124700 -0.342102
-0.735067 -0.184900 0.366170
-0.716900 -0.258800 0.339401
-0.831100 -0.260800 0.350494
-0.832800 0.197100 0.275208
-0.803967 0.263600 -0.195704
-0.736333 -0.285167 -0.356435
-0.836300 -0.253750 -0.384552
-0.838850 -0.065750 0.382248
-0.723675 0.302150 0.086101
-0.902967 -0.065500 0.381531
-0.755267 -0.074167 -0.405838
-0.914900 0.104350 0.323250
-0.885200 0.092850 0.331703
-0.755375 0.166100 0.284325
-0.854400 -0.334400 -0.341797
-0.830900 -0.496000 -0.083694
-0.901850 -0.045800 0.379349
-0.783975 -0.488675 -0.096073
-0.783700 -0.496750 -0.024102
-0.674100 -0.271550 0.331948
-0.783950 0.084400 0.342247
-0.858200 0.237500 -0.228897
-0.672000 -0.191300 -0.400208
-0.744867 0.242500 0.203166
-0.824700 -0.163000 -0.410004
-0.912900 0.275100 0.103302
-0.795550 0.266100 0.165703
-0.666600 -0.287500 -0.358604
-0.714600 0.111000 0.330399
-0.785367 0.305033 -0.054499
-0.867100 -0.372700 -0.313202
-0.735300 -0.054150 -0.407817
-0.734450 0.313933 -0.035566
-0.783050 0.302900 0.042748
-0.685925 -0.014600 -0.409248
-0.918000 -0.073700 -0.412994
-0.735500 -0.323350 -0.332245
-0.704275 -0.244875 0.345551
-0.636150 -0.480700 -0.044250
-0.914950 0.064700 0.344902
-0.736067 0.310767 0.035502
-0.894500 0.067600 -0.375198
-0.817750 -0.491850 0.065254
-0.775400 -0.074750 0.380600
-0.765050 0.248050 -0.227349
-0.734940 0.073900 0.342520
-0.812000 0.285300 0.121902
-0.804467 0.256200 0.185369
-0.921100 0.285300 -0.090805
-0.804050 0.216500 0.244400
-0.858700 -0.432400 -0.245193
-0.853200 0.007400 -0.399902
-0.865450 -0.345300 0.304200
-0.815800 -0.155300 -0.410751
-0.816200 0.136900 0.319397
-0.924550 0.227050 -0.232948
-0.909900 -0.118500 -0.414505
-0.723600 0.309633 -0.086070
-0.812800 -0.449500 -0.208405
-0.675200 -0.437150 0.167701
-0.845833 0.175767 0.276082
-0.837200 -0.472100 0.137398
-0.865167 0.276933 0.115367
-0.865050 -0.124550 0.383354
-0.779700 0.032900 0.360306
-0.695333 -0.403200 0.222366
-0.945600 0.211400 -0.252792
-0.874950 -0.492850 -0.123253
-0.755750 0.056450 0.349503
-0.843800 0.014433 0.366898
-0.764320 0.297480 -0.115817
-0.695733 -0.273667 0.331665
-0.724100 -0.291600 0.321793
-0.844667 -0.375833 0.276698
-0.862700 -0.163250 0.379555
-0.824450 -0.202500 -0.401596
-0.792300 0.227200 0.229507
-0.695200 0.125750 -0.356800
-0.752200 0.310100 -0.050903
-0.811800 -0.341000 -0.333603
-0.848700 -0.048000 0.380402
-0.665250 -0.352800 -0.311547
-0.906000 0.290200 0.040604
-0.664200 -0.418600 0.197601
-0.918200 0.028000 -0.391296
-0.674300 -0.286700 -0.359604
-0.713700 0.310300 0.054352
-0.870100 -0.071000 0.382507
-0.823133 -0.014733 0.376963
-0.856300 -0.430000 0.216599
-0.764667 0.262933 -0.203334
-0.752700 0.190100 0.262100
-0.806150 -0.444150 0.186096
-0.675350 -0.425033 -0.224597
-0.704940 -0.155080 -0.407239
-0.908100 0.292550 -0.046143
-0.635975 -0.362675 0.263176
-0.704800 0.178033 -0.317800
-0.813400 -0.430200 -0.240601
-0.853800 0.300700 -0.114051
-0.882500 -0.397800 0.258804
-0.644700 -0.479067 -0.064901
-0.927700 0.276050 -0.126350
-0.783900 0.287867 -0.144602
-0.826400 -0.237000 0.359497
-0.774500 0.203400 -0.281403
-0.696050 -0.235475 -0.384049
-0.644125 -0.454475 0.125824
-0.762467 -0.074733 -0.404668
-0.661500 -0.369400 0.258408
-0.844913 0.194700 0.264540
-0.746300 0.035133 -0.388265
-0.787900 0.140000 -0.330505
-0.917200 0.240700 0.181396
-0.723800 0.141050 0.311348
-0.725267 -0.006333 -0.402364
-0.799900 -0.164100 0.380493
-0.786300 -0.488500 0.067055
-0.784900 0.278850 -0.166900
-0.684600 -0.225000 -0.389038
-0.765900 -0.224550 0.354851
-0.672200 -0.309500 0.309097
-0.682900 -0.439100 -0.198197
-0.724900 0.314700 0.004333
-0.766175 0.307925 -0.053753
-0.715800 -0.044050 -0.409500
-0.833800 -0.375300 -0.306549
-0.927050 0.237900 -0.214897
-0.725825 0.314075 -0.045551
-0.907650 0.278200 0.095299
-0.707900 -0.480200 0.053406
-0.701600 0.241800 -0.250900
-0.675550 -0.351800 -0.312805
-0.732800 0.121933 -0.353139
-0.781100 -0.460700 -0.180603
-0.715200 -0.305120 -0.345700
-0.868100 0.240600 -0.221893
-0.857750 -0.485400 0.107300
-0.706500 -0.394400 0.233898
-0.903850 0.255000 0.156601
-0.754800 0.050800 0.351501
-0.793150 -0.233525 -0.392746
-0.870100 0.281100 0.100998
-0.829150 -0.486000 0.094445
-0.802100 0.014800 0.372803
-0.683600 -0.377167 -0.287298
-0.866400 -0.063500 -0.412597
-0.665040 -0.464000 0.104901
-0.643950 -0.385700 -0.275097
-0.773600 -0.396900 -0.277947
-0.775250 0.291100 0.095802
-0.762733 -0.075167 0.378667
-0.874967 0.133167 0.306331
-0.914633 0.155033 0.286163
-0.775033 -0.403467 0.242401
-0.653900 -0.304400 -0.347172
-0.735333 -0.376633 0.253535
-0.655217 -0.104450 0.379168
-0.893000 0.200400 0.242706
-0.695550 -0.324300 -0.333576
-0.795000 -0.415850 0.226753
-0.763050 -0.500750 -0.046295
-0.866550 -0.476650 -0.166748
-0.643700 -0.479700 -0.058304
-0.818500 -0.452400 -0.204803
-0.885550 -0.114300 0.383797
-0.943750 0.232350 -0.222000
-0.734500 0.063340 0.347000
-0.912700 0.279500 0.088898
-0.941000 0.286300 0.044098
-0.896200 -0.067400 -0.409607
-0.744250 0.310700 -0.064896
-0.863250 -0.202550 -0.402497
-0.793500 0.258300 -0.206299
-0.873600 0.260600 0.152405
-0.695800 -0.144950 0.374378
-0.765000 0.053200 0.352051
-0.782500 -0.496500 -0.033203
-0.684550 -0.448650 -0.178398
-0.657100 -0.352700 -0.310898
-0.815317 -0.085300 0.385198
-0.807067 0.292667 -0.125865
-0.757950 -0.156700 0.372902
-0.804600 0.270850 0.157151
-0.653300 -0.367150 -0.297051
-0.776900 -0.384967 0.264765
-0.643900 -0.473467 0.064031
-0.654667 -0.276200 0.328603
-0.797000 -0.379800 -0.299103
-0.661100 -0.391100 -0.271301
-0.769800 -0.450200 -0.201096
-0.734667 0.203550 0.254270
-0.695583 -0.074983 -0.414050
-0.715000 0.113450 -0.361526
-0.751500 0.262000 0.171097
-0.853200 -0.252000 -0.385895
-0.865700 0.237100 0.196899
-0.844450 -0.482150 -0.144707
-0.715375 0.312375 0.035179
-0.769000 -0.423050 -0.255951
-0.805350 -0.498300 0.003952
-0.784575 -0.383425 -0.293602
-0.907500 0.096900 0.328094
-0.805333 -0.255033 0.352031
-0.744450 0.295250 -0.135453
-0.884300 -0.296450 0.336097
-0.884100 0.181200 0.264008
-0.654625 -0.464775 -0.134399
-0.756000 0.309650 0.015449
-0.735133 0.271367 0.164368
-0.777850 0.300750 -0.093399
-0.755900 0.045867 -0.382996
-0.745800 -0.005300 0.367950
-0.924900 0.196650 -0.274300
-0.907250 0.293750 -0.004044
-0.907700 0.286600 0.059708
-0.793600 -0.468300 0.135247
-0.794667 -0.244100 -0.386932
-0.814800 -0.365067 -0.314066
-0.782950 0.306800 0.021950
-0.713250 0.074000 -0.380996
-0.725450 0.309175 0.055927
-0.922800 0.225850 0.204849
-0.768100 -0.274600 0.336700
-0.879600 -0.089300 0.383606
-0.814600 0.251700 0.194695
-0.797450 0.273900 -0.176499
-0.867800 -0.228100 -0.395294
-0.782400 0.085000 -0.363098
-0.861100 -0.047800 -0.410797
-0.716900 0.230800 -0.261200
-0.925900 0.138200 0.298798
-0.866450 0.245000 -0.215104
-0.774700 -0.494850 -0.046753
-0.707633 -0.016067 0.375234
-0.915200 0.175200 0.267044
-0.804250 -0.495600 -0.066002
-0.760300 0.259800 -0.209106
-0.664500 -0.480100 -0.063004
-0.838300 -0.074050 0.382851
-0.764900 -0.495550 0.025299
-0.663767 -0.412133 -0.244135
-0.643850 -0.244925 0.344276
-0.891500 -0.152300 -0.412598
-0.914350 0.271450 -0.144104
-0.684025 -0.244950 0.345074
-0.899500 -0.034400 0.377396
-0.713400 -0.411200 0.212494
-0.845200 0.024550 0.363800
-0.725380 -0.005720 0.368820
-0.685525 -0.155250 0.372799
-0.725975 -0.356250 -0.305802
-0.726400 -0.075667 -0.409897
-0.706333 0.196633 0.267929
-0.836250 0.024450 0.364548
-0.716300 0.310750 -0.084007
-0.684340 -0.225680 0.353400
-0.646120 -0.284920 0.323386
-0.725250 0.187075 -0.306725
-0.654500 -0.478367 -0.074631
-0.696200 -0.451000 -0.171998
-0.695040 0.163920 0.296417
-0.734000 0.153333 -0.331868
-0.847100 -0.490400 -0.118393
-0.786150 -0.368200 -0.309105
-0.903250 0.046150 0.353607
-0.804333 -0.195250 0.375231
-0.902600 -0.085550 0.383300
-0.768750 -0.447400 -0.207550
-0.821100 -0.156500 0.379593
-0.777000 -0.408150 0.235099
-0.697150 0.085450 -0.377995
-0.833800 -0.376800 0.274453
-0.793933 -0.487667 0.074600
-0.863700 0.279400 0.108994
-0.643500 -0.271100 0.330902
-0.850600 -0.478300 -0.157501
-0.815700 -0.498650 0.013657
-0.809800 0.280400 0.134399
-0.862800 -0.115300 0.383797
-0.843600 -0.005033 -0.403432
-0.799000 -0.087200 0.384598
-0.778400 0.129400 -0.339294
-0.839400 -0.502350 0.004998
-0.793250 -0.494400 0.035698
-0.654920 -0.325260 0.296338
-0.822900 -0.354800 -0.323700
-0.827800 -0.084950 0.383896
-0.695033 -0.163767 0.370768
-0.655267 -0.396533 0.227168
-0.740600 0.251200 0.192505
-0.843900 -0.474900 -0.163902
-0.857300 0.289700 0.076202
-0.893700 0.234933 -0.225805
-0.654367 -0.418667 0.196701
-0.775000 -0.477567 -0.134964
-0.822650 -0.293400 -0.364998
-0.773900 -0.479100 0.099304
-0.836100 -0.391600 0.260300
-0.714820 -0.114780 -0.410678
-0.833650 -0.246050 0.356544
-0.775025 -0.452925 0.165024
-0.864750 0.164325 -0.313595
-0.867467 -0.174867 -0.408366
-0.784200 0.167000 0.287598
-0.927900 0.229200 0.198807
-0.757650 0.307500 -0.064850
-0.829200 -0.493150 0.066299
-0.914550 0.206250 -0.263153
-0.882900 -0.126300 -0.413895
-0.732500 0.312833 0.015401
-0.875450 0.085850 -0.367401
-0.854400 -0.494150 -0.106857
-0.705100 -0.411200 0.212547
-0.852350 -0.191900 0.373848
-0.757033 -0.123733 0.377029
-0.725000 -0.371000 -0.291603
-0.935600 0.280800 0.075248
-0.725120 -0.036000 -0.407284
-0.724333 -0.467633 0.105301
-0.682500 -0.401700 0.220093
-0.843400 -0.458100 0.168503
-0.665233 -0.436700 -0.204366
-0.802800 0.072500 0.351700
-0.675267 -0.174133 -0.404867
-0.726950 0.288800 0.127152
-0.665775 -0.154100 -0.408276
-0.752800 -0.449900 -0.193802
-0.845550 -0.502650 -0.043197
-0.846200 -0.491000 0.084503
-0.784450 -0.383300 0.263404
-0.803067 -0.324367 -0.345362
-0.756200 0.137450 -0.338753
-0.636200 -0.452633 -0.164500
-0.686600 -0.197050 -0.399200
-0.865150 0.217850 -0.256004
-0.893600 0.252450 0.163895
-0.734720 -0.115940 -0.408002
-0.774600 -0.195850 0.365944
-0.732633 0.242067 -0.243632
-0.704575 0.176025 0.286549
-0.889500 0.269100 0.127594
-0.694600 -0.329800 -0.329605
-0.944850 0.237800 -0.212806
-0.645225 -0.366800 -0.295528
-0.676233 -0.095433 -0.414795
-0.921000 0.120100 0.312500
-0.715800 0.258600 0.189499
-0.767950 -0.465300 0.144875
-0.835150 -0.015450 -0.405900
-0.743600 0.271150 -0.193253
-0.803900 -0.393650 0.254097
-0.893300 0.265750 0.135399
-0.765050 0.191050 0.262596
-0.735200 -0.153400 0.371303
-0.761600 -0.501250 0.034653
-0.711900 0.271300 -0.201797
-0.655850 -0.431850 -0.212997
-0.866367 -0.175000 0.377635
-0.726300 0.216567 -0.276698
-0.813800 -0.118400 0.375702
-0.685267 -0.202867 0.361099
-0.797800 -0.299400 0.329300
-0.896750 0.275400 0.107697
-0.623500 -0.461100 0.101906
-0.673000 -0.374050 0.254574
-0.878300 0.197500 0.247696
-0.663175 -0.174425 0.368549
-0.886950 -0.195850 0.374000
-0.735280 -0.025140 -0.403741
-0.696175 0.115675 0.327504
-0.842300 -0.016300 0.374802
-0.646400 -0.445675 0.146126
-0.865450 -0.314600 0.324601
-0.644540 -0.397500 0.224942
-0.794725 0.224925 -0.254524
-0.875450 0.198900 -0.277451
-0.723100 -0.297700 -0.349701
-0.849100 -0.503900 -0.026199
-0.835183 0.054600 0.355400
-0.785300 -0.284767 -0.373632
-0.845700 0.184600 -0.296402
-0.834750 -0.166850 -0.409500
-0.848633 -0.115800 -0.414566
-0.892400 0.290850 0.046204
-0.732400 -0.394200 -0.264999
-0.741500 -0.162800 -0.401001
-0.754567 0.301867 0.065867
-0.808600 -0.452100 -0.203201
-0.863300 0.082300 -0.370102
-0.796800 0.280400 0.131699
-0.777700 0.280500 -0.164093
-0.685160 -0.004240 0.372922
-0.670300 -0.460100 -0.152206
-0.873450 -0.475050 -0.172547
-0.831400 -0.500300 -0.050201
-0.744100 -0.345675 0.282952
-0.745050 0.150900 -0.331994
-0.746080 0.215620 0.235639
-0.914350 0.271050 0.115547
-0.874733 -0.195133 0.373866
-0.860900 -0.418100 -0.264603
-0.823650 -0.343350 -0.332695
-0.869100 -0.288400 0.339600
-0.916600 0.191600 0.250107
-0.804900 -0.492650 0.054955
-0.797850 -0.164300 -0.412804
-0.655217 -0.474200 0.065117
-0.920400 0.126800 -0.338699
-0.864900 0.213100 -0.262451
-0.825000 -0.367200 -0.313194
-0.835750 0.133625 0.325599
-0.706400 -0.084700 -0.413096
-0.904367 0.035500 0.357966
-0.725800 -0.064967 -0.409703
-0.817500 -0.471800 0.132095
-0.812000 -0.164700 -0.409393
-0.694120 0.035440 -0.396658
-0.803500 -0.486650 -0.112503
-0.933900 0.076200 -0.369293
-0.804267 -0.473400 0.124135
-0.704250 -0.371750 -0.292046
-0.655300 -0.196340 0.362399
-0.674133 -0.362533 -0.302368
-0.854833 0.227600 0.213999
-0.741800 -0.325600 0.298904
-0.732800 -0.064500 0.375366
-0.916700 0.175400 -0.297394
-0.913833 -0.084667 0.382935
-0.870300 -0.077200 -0.413948
-0.854675 0.294425 -0.095928
-0.804467 -0.363367 0.283534
-0.932800 0.221400 0.210007
-0.663200 -0.094450 0.380295
-0.885600 -0.274633 0.347031
-0.705950 -0.469550 -0.119354
-0.699300 0.209000 -0.289398
-0.933900 0.266900 -0.152695
-0.624475 -0.426375 -0.215004
-0.675225 -0.165450 -0.406376
-0.685750 -0.432300 -0.210754
-0.664367 -0.304100 0.311895
-0.779050 -0.365050 0.284645
-0.912900 0.248450 0.168251
-0.795833 -0.203667 -0.402466
-0.777900 -0.221900 0.360001
-0.712933 -0.175433 -0.401667
-0.896050 0.134800 -0.334449
-0.814333 -0.303067 0.328105
-0.715533 0.217033 -0.277832
-0.713760 -0.075420 0.378098
-0.867100 -0.035033 -0.408732
-0.726400 -0.084750 -0.409851
-0.845167 0.084700 0.338638
-0.797000 -0.318400 0.317993
-0.933800 0.219000 -0.243751
-0.735500 -0.479400 -0.087494
-0.905950 0.241900 -0.211906
-0.683925 -0.466725 -0.126427
-0.664350 -0.424350 -0.226296
-0.684467 -0.192133 -0.400665
-0.811400 0.289600 -0.134506
-0.775600 -0.467050 -0.164200
-0.904350 0.285800 0.066353
-0.805800 -0.173700 0.380005
-0.848800 -0.381400 0.272202
-0.854600 0.304050 -0.096397
-0.714700 -0.278900 0.328903
-0.711000 0.012650 -0.400849
-0.863200 -0.476300 0.134293
-0.725500 0.166700 0.289001
-0.836050 -0.477850 -0.153297
-0.754550 0.257550 -0.214005
-0.861400 -0.267600 -0.379807
-0.775500 0.122800 0.319504
-0.654850 -0.470850 -0.112549
-0.815200 -0.144133 0.381699
-0.754400 -0.044500 0.375763
-0.905200 0.237900 0.188202
-0.885600 0.201400 -0.272995
-0.853325 0.267975 -0.174373
-0.834400 0.092767 -0.366699
-0.766400 0.215067 0.236237
-0.769900 0.202000 0.251602
-0.822100 -0.358100 0.289795
-0.820400 -0.015000 0.384094
-0.665533 -0.134567 0.376165
-0.801300 -0.237800 0.358704
-0.855433 0.311500 0.035370
-0.854975 0.305325 -0.065224
-0.870000 -0.053900 0.380798
-0.804800 0.225267 0.233602
-0.664633 -0.467500 -0.126165
-0.872700 0.252100 -0.200607
-0.745375 -0.067100 -0.406898
-0.704725 -0.275250 -0.364349
-0.684150 -0.067100 0.380096
-0.843950 -0.337550 -0.338707
-0.746400 0.310350 0.022652
-0.735000 -0.232600 -0.382103
-0.726800 -0.094000 -0.410095
-0.764260 -0.493640 0.044540
-0.782850 0.241250 -0.234444
-0.874600 0.255250 -0.194351
-0.794550 -0.467900 -0.166702
-0.685200 -0.094850 0.379853
-0.634833 -0.469233 0.077301
-0.765433 -0.485750 0.085449
-0.876950 0.075200 0.341201
-0.896950 0.024900 0.362053
-0.716600 -0.121600 -0.410004
-0.735500 -0.466700 -0.135101
-0.653800 -0.225625 0.352452
-0.875050 0.237700 -0.225098
-0.813400 -0.125750 -0.413994
-0.745100 -0.144020 -0.403760
-0.937100 0.156650 -0.313453
-0.663250 -0.372300 -0.292503
-0.863100 0.296100 -0.064895
-0.731400 -0.468700 -0.126007
-0.923500 0.016300 0.363746
-0.901300 0.258900 0.148895
-0.715300 0.305500 0.073952
-0.825400 -0.463000 -0.184997
-0.745525 0.277825 0.145252
-0.834900 -0.490000 0.083405
-0.845700 0.035400 -0.391250
-0.784300 0.288350 0.105797
-0.774100 0.007100 0.368195
-0.869250 -0.085950 0.383552
-0.776867 -0.035100 0.377533
-0.716075 -0.386100 -0.275276
-0.778333 -0.123833 0.378398
-0.810500 0.300600 0.061005
-0.694675 -0.154700 -0.408024
-0.897100 -0.024450 -0.406196
-0.763100 0.270100 -0.190002
-0.937500 0.272450 0.104851
-0.893467 0.035267 0.358368
-0.873900 0.142500 -0.330795
-0.684275 -0.483800 -0.003952
-0.725940 -0.375720 0.254501
-0.896250 0.295000 -0.004700
-0.931500 0.270900 0.111206
-0.705075 0.278075 0.154373
-0.765433 -0.472667 -0.153269
-0.705400 0.051800 -0.390206
-0.883500 -0.439000 0.208694
-0.735260 0.046120 -0.386780
-0.645233 -0.275700 0.328532
-0.775433 0.273500 0.143799
-0.903950 0.278650 -0.124946
-0.943600 0.228000 0.197800
-0.935100 0.139400 0.296997
-0.806100 0.251300 0.194504
-0.729700 -0.312400 -0.340195
-0.827400 0.067750 -0.379197
-0.816800 -0.196650 -0.403000
-0.781900 -0.492150 0.044098
-0.938800 0.285800 0.048798
-0.772900 0.037100 -0.382202
-0.775050 -0.025150 0.375702
-0.855133 0.093833 0.332967
-0.684950 -0.215525 -0.392353
-0.828500 0.108000 -0.359695
-0.813300 0.280000 -0.159698
-0.725500 -0.225433 -0.385666
-0.811900 0.305500 -0.065048
-0.814400 0.298100 0.074534
-0.714525 -0.394200 -0.265873
-0.731900 -0.423000 0.196793
-0.766300 0.065167 -0.374166
-0.674640 -0.234380 -0.385638
-0.866300 -0.481500 -0.154495
-0.776450 0.247800 -0.225403
-0.685600 -0.204975 -0.396099
-0.703400 0.062200 0.350998
-0.746700 -0.152300 0.371094
-0.835850 -0.324900 0.315899
-0.737000 0.300200 0.091400
-0.688200 -0.321900 0.300598
-0.934150 0.155550 0.283646
-0.853667 -0.387500 -0.297266
-0.784050 0.012800 0.368347
-0.761233 -0.423733 -0.222066
-0.683333 -0.262533 -0.372136
-0.745200 -0.095400 0.376332
-0.853225 0.293625 -0.104751
-0.725700 0.250500 0.200394
-0.784700 -0.217600 0.362404
-0.735520 0.165760 0.287241
-0.813133 -0.486967 -0.115565
-0.694500 -0.153825 0.372875
-0.913933 0.197233 -0.274302
-0.734575 -0.416925 0.205299
-0.864050 -0.427300 -0.253403
-0.685750 -0.141600 -0.410446
-0.744025 0.204975 -0.285725
-0.725800 -0.023425 -0.405178
-0.744300 0.303567 -0.104869
-0.695100 0.114425 -0.363678
-0.904200 0.187050 0.255997
-0.694967 -0.125800 -0.412399
-0.878400 -0.175400 0.377899
-0.803900 -0.486000 0.084702
-0.787200 -0.397800 0.247803
-0.888400 0.117100 -0.347595
-0.874100 0.208300 -0.266296
-0.774133 0.044033 0.357035
-0.761500 -0.417400 -0.222504
-0.903500 -0.033550 -0.408348
-0.884350 0.084150 0.336601
-0.644600 -0.341950 0.282349
-0.884450 0.253350 -0.195549
-0.714000 -0.482967 -0.055064
-0.786967 -0.373733 -0.303604
-0.715580 -0.123940 0.375562
-0.832950 -0.266150 -0.379097
-0.683667 -0.242767 -0.381699
-0.875433 -0.234567 -0.393438
-0.845550 -0.375700 -0.307396
-0.692500 -0.369700 0.259796
-0.933000 0.255500 -0.180801
-0.845350 0.105900 0.326996
-0.772633 -0.134533 0.376999
-0.714233 -0.444600 -0.185735
-0.726800 -0.430700 -0.210007
-0.753300 0.196100 0.256050
-0.791700 -0.428900 -0.235992
-0.704650 -0.166525 -0.404831
-0.725450 0.291350 -0.153000
-0.916600 0.276100 0.099106
-0.852825 0.293175 -0.113579
-0.775300 -0.233600 0.356094
-0.825467 0.065300 0.361399
-0.684600 -0.383450 0.244999
-0.654175 -0.482850 0.006447
-0.735300 -0.166140 -0.400961
-0.795400 0.129800 0.319504
-0.711500 0.298650 -0.136703
-0.895850 -0.083400 -0.414299
-0.714367 0.043500 -0.391698
-0.925600 0.154350 0.285752
-0.764000 -0.482775 -0.123775
-0.704800 -0.279000 0.329300
-0.849350 0.265950 -0.196125
-0.795800 -0.421600 -0.250397
-0.815550 -0.383850 0.265404
-0.896700 0.219400 -0.248596
-0.724200 -0.349700 0.279297
-0.696750 0.170950 0.291199
-0.783600 -0.358300 -0.316795
-0.848567 0.249033 -0.214732
-0.768350 -0.005900 0.370750
-0.724550 -0.442250 0.165245
-0.693350 0.205050 -0.294917
-0.634600 -0.474317 0.055399
-0.694700 -0.460900 -0.145050
-0.853275 0.258025 -0.196026
-0.796400 -0.489700 0.065704
-0.665550 -0.168900 0.369851
-0.843450 -0.194250 0.372803
-0.897400 -0.345300 0.306702
-0.863500 -0.452150 0.183746
-0.763533 -0.005600 -0.395101
-0.780200 0.036700 0.360397
-0.724300 0.281975 0.144421
-0.864450 -0.446450 0.193199
-0.754900 0.177250 -0.308747
-0.665650 -0.252000 0.341247
-0.850500 -0.502200 0.024803
-0.855850 0.305100 0.055748
-0.743200 -0.476000 -0.122894
-0.715200 0.132800 -0.350204
-0.734760 0.215800 -0.275418
-0.866100 -0.373600 0.281006
-0.744025 0.283950 -0.165424
-0.768350 -0.492767 -0.084869
-0.875150 -0.446400 0.195251
-0.695800 -0.056775 -0.413227
-0.704300 -0.346400 -0.315300
-0.843433 0.154200 0.294001
-0.626000 -0.470367 -0.101598
-0.835200 0.170900 -0.321899
-0.755650 -0.135050 0.375549
-0.893200 -0.284500 0.342750
-0.897900 0.294850 -0.023201
-0.713900 0.197750 -0.298347
-0.665150 -0.202850 0.361053
-0.784550 -0.478950 -0.133705
-0.794750 -0.497900 -0.014801
-0.884233 -0.373233 0.282862
-0.817700 0.007100 0.381393
-0.828900 0.103400 -0.364105
-0.720833 -0.486800 -0.005234
-0.912400 0.097000 -0.358704
-0.781000 0.212600 0.242905
-0.776767 0.302167 -0.084534
-0.796333 -0.115167 0.381602
-0.804800 -0.274800 -0.374000
-0.696725 -0.365325 0.264572
-0.636200 -0.324550 0.296047
-0.706300 -0.074100 -0.413030
-0.685020 -0.085320 0.380240
-0.725167 -0.145033 -0.406001
-0.736000 -0.394050 0.234074
-0.776950 -0.347200 -0.327698
-0.794800 -0.451850 -0.200852
-0.724200 0.226325 -0.265549
-0.723000 -0.350700 -0.310898
-0.675240 -0.483420 -0.015198
-0.725600 0.084867 -0.373950
-0.866700 0.145700 -0.328903
-0.896250 -0.266100 0.351501
-0.735725 0.113575 0.321949
-0.635640 -0.393220 -0.264621
-0.826550 -0.501250 -0.014396
-0.774850 -0.494000 0.025650
-0.695233 0.034633 0.362834
-0.654600 -0.303500 0.311996
-0.694700 -0.185900 -0.401203
-0.856400 -0.472100 0.142700
-0.743300 -0.392150 0.236847
-0.834900 -0.382500 -0.300095
-0.794800 -0.461100 -0.182701
-0.716200 -0.160200 0.370697
-0.855000 -0.327550 -0.346451
-0.823600 -0.359900 -0.319504
-0.756700 0.180100 0.272095
-0.925425 0.165625 0.275528
-0.844100 -0.284400 0.339600
-0.836800 -0.265150 0.348503
-0.826500 -0.385850 -0.295646
-0.946200 0.227600 -0.229507
-0.812725 -0.104275 0.384853
-0.754150 0.233325 0.212727
-0.802767 -0.155133 -0.412270
-0.790200 0.307300 -0.042099
-0.855600 0.303500 0.082947
-0.793400 0.176350 -0.303199
-0.675300 -0.449800 -0.177002
-0.736800 -0.410600 0.213699
-0.652500 -0.391700 0.233101
-0.894100 0.257050 0.154496
-0.842367 -0.501333 -0.055232
-0.857850 -0.042700 0.379250
-0.748300 0.097400 0.329102
-0.756467 0.105433 0.325597
-0.664275 -0.215375 0.356651
-0.794600 -0.284600 0.337501
-0.715880 0.035800 0.361420
-0.724133 -0.416400 0.205704
-0.805700 0.179400 0.282898
-0.723950 0.221250 -0.271949
-0.773350 0.288100 -0.145699
-0.800300 0.280000 -0.162506
-0.838600 0.176200 -0.309601
-0.894500 0.272650 0.116806
-0.695925 -0.006125 0.373325
-0.654533 -0.468000 -0.123835
-0.859100 -0.125500 -0.414098
-0.705875 -0.182975 -0.400902
-0.745075 0.275050 -0.184773
-0.846500 -0.430500 0.214493
-0.764067 0.305200 -0.074905
-0.883000 0.258050 -0.186500
-0.725750 0.300950 -0.122551
-0.923300 0.286350 0.054344
-0.736800 -0.154400 -0.403000
-0.774867 -0.442300 0.185003
-0.704920 0.246420 -0.243619
-0.854000 -0.496650 0.063698
-0.744325 0.004675 0.365322
-0.770000 -0.418300 -0.253601
-0.845067 0.054933 0.352498
-0.636500 -0.439200 0.158401
-0.752600 0.147500 0.298096
-0.634925 -0.468625 -0.114651
-0.857750 -0.466850 0.154701
-0.745117 -0.035700 -0.404065
-0.782933 0.152867 -0.322866
-0.769900 -0.423200 -0.249298
-0.753400 -0.253167 0.341970
-0.744620 0.225180 0.225400
-0.824300 -0.385600 0.264549
-0.762400 -0.500700 -0.052994
-0.864000 -0.356700 -0.326202
-0.903300 0.196200 -0.276596
-0.857100 -0.253550 0.354797
-0.790900 -0.311100 -0.352707
-0.711600 -0.485700 -0.005468
-0.854267 -0.004900 -0.403000
-0.845700 0.002100 0.370193
-0.675175 -0.183925 -0.402275
-0.779800 -0.328600 -0.345596
-0.832100 -0.172500 -0.408493
-0.744567 0.278967 -0.177399
-0.634233 -0.476833 -0.076233
-0.685760 0.024220 0.366263
-0.814400 -0.025767 -0.410832
-0.901500 0.004300 -0.399002
-0.766900 0.104900 0.326806
-0.786450 -0.403050 -0.272445
-0.774800 -0.388400 -0.289093
-0.873400 0.272850 -0.154351
-0.812300 0.041700 0.367096
-0.867950 -0.015450 -0.404854
-0.896600 0.218000 0.219604
-0.735267 0.027467 0.358871
-0.753000 -0.245100 0.345748
-0.807000 -0.464900 0.146301
-0.889200 0.073900 0.341400
-0.725860 -0.045520 -0.408255
-0.944400 0.173600 -0.296700
-0.865600 0.106600 -0.356048
-0.824125 0.024850 0.376255
-0.796900 -0.206600 -0.399902
-0.834250 -0.226550 -0.394500
-0.725767 -0.104667 -0.409739
-0.774800 -0.452700 -0.195251
-0.764600 -0.045300 0.376633
-0.682400 -0.340600 -0.322296
-0.743800 -0.484600 -0.083603
-0.625833 -0.453633 0.124201
-0.706000 -0.468850 0.098900
-0.913700 -0.055350 0.380249
-0.656450 -0.472050 0.075096
-0.852900 0.294500 -0.142700
-0.675300 -0.459200 0.118896
-0.851700 -0.503900 0.005455
-0.884700 -0.104450 -0.414650
-0.733867 -0.076233 -0.409098
-0.795600 -0.389200 0.258194
-0.872500 -0.183100 0.376350
-0.832250 0.084525 0.343521
-0.859350 -0.084800 -0.414254
-0.806567 -0.176900 0.377401
-0.786300 0.258000 -0.207199
-0.844200 0.033033 0.361267
-0.768050 -0.456450 0.167801
-0.656433 -0.262733 -0.371699
-0.694960 -0.315480 0.305399
-0.665300 -0.124950 0.377400
-0.883500 0.168400 -0.307404
-0.806600 -0.417500 -0.257202
-0.822000 -0.231200 0.361603
-0.832950 -0.232200 0.361549
-0.834000 -0.391400 -0.290802
-0.763967 0.291700 0.094533
-0.685950 -0.462000 0.114449
-0.727050 0.307750 -0.093853
-0.825750 -0.497800 -0.066757
-0.762650 0.005350 0.366951
-0.724933 0.243467 -0.244736
-0.868500 0.169800 -0.308197
-0.781900 0.123950 -0.342201
-0.816400 -0.500000 -0.005104
-0.886133 0.084933 -0.366994
-0.806250 -0.305300 0.326348
-0.867750 -0.434100 -0.244606
-0.693000 0.054150 -0.390899
-0.665325 -0.483025 -0.035724
-0.901600 -0.005550 0.371101
-0.745500 0.073600 0.341553
-0.706275 0.311775 0.043728
-0.831100 -0.285300 -0.369904
-0.772600 0.176300 0.278503
-0.873050 0.023600 -0.394050
-0.706350 0.085850 -0.376949
-0.865500 0.261467 -0.183665
-0.745300 -0.475900 0.106796
-0.792850 0.206550 -0.275803
-0.664725 -0.236450 0.348301
-0.725167 0.312433 -0.064270
-0.704900 0.310400 0.051193
-0.735740 -0.106540 -0.408359
-0.776200 0.191300 -0.293304
-0.670200 -0.060500 0.380005
-0.664867 -0.442167 -0.193832
-0.664300 -0.383500 0.243927
-0.722267 0.312967 0.026199
-0.906333 0.166600 -0.306936
-0.816367 -0.044833 -0.412669
-0.865450 -0.204700 0.371247
-0.777100 -0.481700 -0.121597
-0.665500 -0.446225 -0.185398
-0.655700 -0.449300 0.139099
-0.943400 0.246700 0.165253
-0.895800 0.293000 -0.055649
-0.714033 0.315767 -0.024704
-0.877400 -0.406600 0.248505
-0.785900 0.253350 -0.215149
-0.815050 -0.481000 -0.136849
-0.868300 -0.500950 -0.083100
-0.675950 -0.481375 0.024425
-0.655250 -0.324050 -0.333576
-0.745820 0.293540 0.105722
-0.646050 -0.429000 0.178856
-0.740900 -0.485500 0.074097
-0.677600 -0.318600 -0.339096
-0.876400 -0.258300 -0.384796
-0.654240 -0.353540 0.272803
-0.645750 -0.403150 -0.254353
-0.853200 -0.294600 -0.366051
-0.734533 0.298767 -0.127630
-0.705233 0.297633 0.105133
-0.788100 0.304600 0.035004
-0.883400 0.288550 0.063698
-0.914250 0.288650 -0.074249
-0.760400 0.197750 0.254501
-0.704500 -0.462050 -0.142105
-0.836433 -0.364933 0.285635
-0.705660 -0.365220 0.264783
-0.837333 -0.084100 0.383398
-0.875350 -0.334900 -0.343353
-0.795350 0.248200 0.197952
-0.880833 -0.054800 0.380870
-0.694780 0.015700 0.368378
-0.822200 -0.439900 0.195999
-0.904500 -0.077400 -0.412796
-0.696050 0.161800 -0.332100
-0.797367 -0.488000 -0.105067
-0.664340 -0.455960 0.125061
-0.706500 -0.315300 0.306248
-0.694450 0.084400 0.342598
-0.742900 0.310000 -0.070801
-0.725033 -0.202933 0.361303
-0.796000 -0.214300 0.367004
-0.774950 -0.496100 -0.015052
-0.754200 0.296800 0.086132
-0.745700 -0.494900 -0.048294
-0.704750 0.218650 -0.278297
-0.695367 -0.327033 0.297099
-0.804200 -0.112500 0.380203
-0.813150 -0.477700 -0.145950
-0.745850 0.261050 -0.210754
-0.812900 -0.499250 -0.033356
-0.799200 0.289400 -0.137695
-0.695750 -0.268150 -0.368652
-0.885900 0.223700 -0.244545
-0.737867 -0.476867 -0.105067
-0.814000 0.308400 -0.005249
-0.903100 -0.063200 -0.412506
-0.886150 0.054500 0.350952
-0.725333 0.304900 0.074865
-0.913300 0.239100 -0.215195
-0.743233 -0.225233 -0.384298
-0.910900 -0.049700 -0.410797
-0.635900 -0.471250 -0.103051
-0.835550 -0.115350 0.383553
-0.796700 0.236800 -0.238998
-0.735475 0.106425 0.326256
-0.842200 -0.488000 -0.125252
-0.744850 -0.185175 -0.395725
-0.783650 -0.457400 -0.187798
-0.813033 0.305100 0.035502
-0.857300 -0.406600 -0.278000
-0.744533 -0.125200 0.375371
-0.851900 0.274617 -0.165764
-0.776300 0.226800 0.224197
-0.685980 -0.365020 0.264563
-0.664867 -0.377233 -0.287333
-0.813200 -0.417600 0.226753
-0.784150 0.184925 -0.297050
-0.846000 -0.267700 -0.379196
-0.745100 0.249600 -0.229599
-0.944650 0.255950 0.145599
-0.934900 0.250600 -0.190399
-0.735933 0.258667 0.185969
-0.938600 0.268100 0.117294
-0.723600 -0.239100 -0.379898
-0.655250 -0.481900 0.015450
-0.626250 -0.463550 0.094750
-0.864650 -0.274700 0.345848
-0.781500 -0.303600 -0.362793
-0.726900 0.207233 -0.286601
-0.914200 0.088200 -0.363602
-0.772900 -0.491850 0.043503
-0.713800 -0.461667 -0.143900
-0.892050 -0.015450 -0.404557
-0.842240 0.205200 -0.283380
-0.724200 -0.483650 -0.054649
-0.736450 0.296050 0.105195
-0.794800 0.192100 -0.289993
-0.863500 -0.489500 -0.129593
-0.855200 0.298400 -0.056053
-0.771800 0.160800 0.291199
-0.830500 -0.158500 0.379303
-0.812750 -0.006650 0.384697
-0.886100 0.231100 -0.233505
-0.774000 0.025700 0.362401
-0.842800 -0.492950 -0.106003
-0.892800 0.191600 0.252304
-0.664750 -0.318600 -0.338547
-0.734167 0.308633 -0.085068
-0.684150 -0.479700 -0.065895
-0.715067 0.297500 0.104431
-0.863950 0.014200 -0.397247
-0.804000 -0.430400 -0.238693
-0.746050 0.228750 -0.258148
-0.780900 -0.342500 -0.333206
-0.645200 -0.344750 -0.316101
-0.725060 -0.444940 -0.183765
-0.833000 0.111200 0.341400
-0.753233 0.271733 0.152400
-0.791400 -0.102200 0.382294
-0.664533 -0.452500 0.134232
-0.933900 0.236800 0.185430
-0.787280 -0.276320 -0.374982
-0.754833 -0.214900 0.357503
-0.716050 0.225750 0.235073
-0.861000 0.295050 -0.073799
-0.881867 -0.125067 0.383403
-0.865333 0.073767 0.342865
-0.715500 0.084633 -0.375961
-0.745125 0.296925 0.094727
-0.725175 -0.285575 0.325627
-0.884500 0.185600 0.259293
-0.865050 0.003850 0.369202
-0.945100 0.206100 0.228394
-0.855550 -0.202100 0.371696
-0.777200 -0.055800 0.379600
-0.846600 -0.448300 0.187393
-0.905200 0.057500 0.348801
-0.673600 -0.147333 -0.409500
-0.766400 0.222050 0.227096
-0.804500 -0.266200 -0.378052
-0.664800 -0.397300 0.227203
-0.852150 0.284733 -0.144185
-0.902700 0.256650 -0.184296
-0.894400 0.092550 -0.362297
-0.856950 0.314550 -0.025246
-0.862200 -0.305900 0.329697
-0.775450 0.308000 0.004753
-0.843700 -0.479400 -0.151794
-0.748900 -0.472200 0.126999
-0.644167 -0.353000 0.272832
-0.825750 -0.023750 0.377251
-0.755700 0.279133 0.135264
-0.828650 -0.177200 0.376152
-0.785400 -0.451000 0.171295
-0.714740 -0.225720 -0.386502
-0.889400 0.290100 0.052795
-0.724733 -0.453267 -0.164902
-0.849300 -0.501000 0.034401
-0.730600 -0.428300 -0.214905
-0.908900 -0.125100 -0.414147
-0.764500 0.237150 0.205498
-0.685300 -0.438950 0.165749
-0.902850 0.066100 -0.375602
-0.907567 0.005333 0.367899
-0.772950 0.298450 -0.105355
-0.796900 0.307250 0.014748
-0.782500 -0.206400 0.364197
-0.764550 -0.054700 0.377449
-0.902100 0.092000 0.331100
-0.683775 -0.263600 0.336773
-0.702833 -0.376800 -0.287165
-0.716100 0.207833 -0.287532
-0.693500 -0.481100 0.033555
-0.705200 -0.439600 0.167603
-0.825600 -0.005300 -0.403834
-0.839000 -0.157200 -0.411102
-0.838200 -0.500700 0.024200
-0.654467 -0.474533 -0.094599
-0.783650 0.297900 -0.105896
-0.714933 -0.203700 0.361063
-0.774200 0.266250 -0.194527
-0.675133 -0.074267 0.380132
-0.866800 0.220700 -0.251999
-0.695450 -0.135000 0.375877
-0.697050 -0.022400 -0.409348
-0.704180 0.204300 -0.293399
-0.849100 0.272700 -0.194397
-0.853700 0.013800 -0.397995
-0.705967 -0.286133 -0.358002
-0.771400 -0.487350 -0.096344
-0.838300 0.182100 0.291199
-0.751400 0.209300 -0.279999
-0.735633 0.272167 -0.194071
-0.946200 0.259700 -0.167999
-0.855333 0.306150 -0.045169
-0.714920 0.125800 -0.354300
-0.905300 0.079100 0.337906
-0.726050 -0.175625 0.368026
-0.807700 -0.341700 0.301697
-0.881600 0.232500 0.201202
-0.691300 -0.281900 -0.361694
-0.735567 0.178000 0.277898
-0.866000 -0.429600 0.218704
-0.807750 0.277900 -0.165352
-0.807400 -0.282000 -0.370697
-0.726967 0.044600 -0.388972
-0.706400 -0.443100 0.161949
-0.775650 0.254100 -0.215424
-0.694980 -0.004160 -0.406497
-0.716567 0.301233 -0.123830
-0.913050 0.226400 -0.235695
-0.704233 0.125433 -0.355998
-0.783900 -0.492367 -0.075139
-0.804367 -0.064200 0.384898
-0.716200 0.312100 -0.073497
-0.888550 0.293650 0.027199
-0.854950 0.212650 -0.264748
-0.844100 -0.302800 -0.360901
-0.684333 -0.195233 0.363632
-0.944550 0.260500 0.135651
-0.872500 -0.105500 -0.414668
-0.710350 -0.485850 -0.024498
-0.926600 0.290900 0.016251
-0.945050 0.274250 0.096199
-0.863533 0.014367 0.366170
-0.633400 -0.360600 -0.300003
-0.804500 0.257700 -0.205948
-0.893400 0.270200 0.123703
-0.827650 -0.500450 0.014145
-0.894733 -0.186000 0.375936
-0.645767 -0.468800 0.083730
-0.740800 -0.074350 0.376152
-0.725200 0.181150 -0.312149
-0.805350 -0.106300 0.385147
-0.803700 -0.369100 -0.309601
-0.805400 -0.413200 0.231293
-0.848700 -0.054200 0.380951
-0.706900 0.187700 -0.309006
-0.736400 0.221900 0.231705
-0.950600 0.261000 -0.163696
-0.773450 -0.415300 -0.257599
-0.715150 0.055500 -0.387650
-0.851200 0.030600 0.361298
-0.765150 0.235225 -0.245727
-0.856300 0.239100 0.196701
-0.798900 0.261300 0.175201
-0.835400 -0.422400 0.223897
-0.763750 -0.495100 0.074997
-0.814900 -0.347400 0.297852
-0.706000 0.026075 -0.398125
-0.656050 -0.334375 -0.325875
-0.676025 -0.155325 -0.408321
-0.725440 -0.305000 -0.345059
-0.654325 -0.215575 0.355953
-0.847300 -0.454700 0.176094
-0.635250 -0.451250 0.131950
-0.834450 -0.023800 -0.407646
-0.923800 0.263500 -0.163453
-0.897400 0.295000 -0.013947
-0.884400 0.274300 0.115006
-0.684200 -0.099700 0.380005
-0.854900 0.222000 -0.251900
-0.797000 0.018700 0.369904
-0.636275 -0.456250 -0.154575
-0.855725 0.303575 0.015224
-0.906067 -0.145100 -0.413132
-0.635600 -0.307350 0.308502
-0.865100 0.147700 0.295898
-0.683867 -0.343367 0.283269
-0.692550 -0.438650 0.167145
-0.746100 0.156167 -0.328033
-0.842200 -0.390400 -0.292801
-0.675275 -0.254325 -0.376648
-0.825950 -0.275300 0.343399
-0.768400 0.309000 -0.016098
-0.780400 0.119500 0.321701
-0.815300 -0.416800 -0.259201
-0.784900 -0.428600 0.207603
-0.783840 -0.305060 -0.357199
-0.664700 -0.337333 0.287969
-0.854950 -0.045450 -0.410751
-0.804500 0.262900 0.172302
-0.857000 0.189100 0.259598
-0.625750 -0.469050 0.075653
-0.684825 -0.315800 0.304577
-0.725633 0.293567 0.114400
-0.696150 0.143350 0.310997
-0.845350 -0.497700 0.053345
-0.753500 0.189100 -0.299103
-0.893000 -0.327900 0.318207
-0.774850 0.281300 0.124855
-0.876200 0.153700 0.290405
-0.846633 0.227400 -0.246933
-0.784850 0.271500 -0.183044
-0.734733 0.285933 -0.163472
-0.697000 -0.475300 -0.095596
-0.916750 0.016000 -0.395256
-0.694400 -0.466633 0.104263
-0.781500 -0.377400 -0.299194
-0.750100 0.111700 0.320999
-0.782100 -0.478900 0.102501
-0.773867 -0.384867 -0.294632
-0.705967 0.228267 -0.267334
-0.747100 -0.460500 -0.166794
-0.654975 -0.214850 -0.391777
-0.664550 -0.460600 -0.145500
-0.649600 -0.280600 -0.361099
-0.845500 0.123867 0.315597
-0.884900 -0.204800 0.371750
-0.753933 0.205667 0.245829
-0.694000 -0.478667 0.055064
-0.676400 -0.085333 -0.414734
-0.854500 -0.398050 -0.286651
-0.827650 -0.044500 -0.411247
-0.880800 -0.074350 0.382698
-0.831500 -0.427800 0.215698
-0.643900 -0.481433 0.005066
-0.735900 0.249900 0.199402
-0.734550 0.310600 -0.072754
-0.924700 0.242400 -0.207703
-0.892750 -0.074350 -0.413155
-0.812200 0.246900 0.202904
-0.836800 0.002300 0.370895
-0.716367 0.192033 0.271937
-0.826550 -0.376700 -0.304649
-0.705200 -0.354380 0.274820
-0.778800 -0.489400 0.059601
-0.815300 -0.255700 -0.383102
-0.716540 0.046340 0.356842
-0.770800 -0.091300 0.380005
-0.714100 -0.463867 0.115036
-0.917600 0.097800 0.327103
-0.760000 -0.444900 -0.208099
-0.743950 0.134950 -0.342548
-0.751300 0.300900 0.073502
-0.770500 0.040700 -0.381500
-0.860600 -0.115050 -0.414650
-0.904600 0.116250 0.316452
-0.665675 -0.203850 -0.396004
-0.707300 -0.378500 0.248505
-0.655275 -0.382925 0.243549
-0.873600 -0.360500 -0.324295
-0.853900 -0.345500 0.302948
-0.864650 -0.468050 -0.186005
-0.714700 -0.361900 -0.300705
-0.831900 -0.439900 0.197998
-0.783100 0.268500 -0.188797
-0.714100 -0.235000 -0.382899
-0.696200 0.150400 -0.340805
-0.733433 -0.415500 -0.236338
-0.791400 0.278700 0.134796
-0.804267 -0.293800 -0.364029
-0.645400 -0.308450 0.308647
-0.820000 -0.017200 0.378998
-0.705125 -0.255000 -0.374576
-0.882700 0.099100 0.328094
-0.865300 -0.316950 -0.354103
-0.836533 -0.384400 0.267430
-0.655900 -0.461575 -0.144425
-0.873300 0.247400 0.177902
-0.907550 0.205450 0.234955
-0.767533 -0.451867 0.183629
-0.727000 0.127200 0.319199
-0.765075 0.308925 -0.044701
-0.754825 0.156025 -0.326423
-0.733667 0.061533 -0.381800
-0.786300 0.280950 0.127297
-0.806400 0.291500 0.099197
-0.856850 0.314150 -0.034202
-0.894550 -0.186550 -0.406754
-0.853900 -0.306100 -0.359604
-0.695000 -0.458825 0.124874
-0.652700 -0.377800 0.248993
-0.784733 -0.475133 -0.145065
-0.816900 0.306150 0.025055
-0.706575 -0.484975 -0.034073
-0.815500 0.054000 0.363297
-0.697700 -0.442200 0.162292
-0.754000 -0.304633 0.314768
-0.741033 -0.025333 0.371470
-0.847100 -0.357250 -0.323799
-0.919200 0.240800 -0.211502
-0.850300 0.247000 0.211807
-0.837433 -0.114467 -0.414668
-0.666020 -0.185600 0.365942
-0.853575 0.234225 0.205223
-0.844050 -0.032400 -0.408951
-0.949150 0.287950 0.022896
-0.823750 -0.483200 -0.132996
-0.845567 0.185633 0.268270
-0.835500 -0.468000 0.146453
-0.706150 -0.406750 0.216401
-0.734700 -0.334533 0.292002
-0.860300 -0.097750 -0.414604
-0.716000 -0.428550 0.187599
-0.918150 0.292450 -0.003449
-0.714933 -0.166500 0.369568
-0.654050 -0.347400 0.278549
-0.715667 0.177233 -0.317332
-0.674867 -0.225633 -0.388901
-0.736500 0.083900 -0.372065
-0.755700 0.249000 -0.227707
-0.765333 0.084067 -0.366567
-0.883300 0.173100 -0.302994
-0.886650 0.229150 0.204850
-0.911600 -0.026900 -0.406693
-0.715180 -0.164360 -0.403860
-0.774767 -0.408167 -0.266133
-0.747500 -0.084400 0.376236
-0.833600 0.127100 0.331894
-0.867150 -0.034700 0.377953
-0.793720 -0.225640 -0.395825
-0.788640 -0.255160 -0.385284
-0.806150 -0.317400 0.318703
-0.821000 -0.264800 -0.379395
-0.786600 0.307650 0.005600
-0.894450 0.241850 0.183098
-0.904850 -0.034700 0.377204
-0.714600 -0.254325 -0.374153
-0.664650 -0.442925 0.154076
-0.762300 -0.503300 0.003250
-0.776600 -0.282000 0.336899
-0.795667 -0.475900 0.115463
-0.676167 -0.236433 0.348699
-0.702900 -0.451600 0.143204
-0.783550 -0.367500 0.279251
-0.705600 -0.246133 -0.378662
-0.740700 -0.496100 -0.030594
-0.887500 -0.055600 -0.411445
-0.714133 -0.154667 0.371704
-0.895800 0.205700 -0.266200
-0.775560 0.165080 -0.315137
-0.673700 -0.352933 0.274567
-0.794550 0.222000 0.236802
-0.733400 -0.076175 0.375801
-0.765567 -0.463433 -0.175466
-0.836250 0.044150 0.358750
-0.916650 0.143150 -0.326545
-0.840675 0.163375 0.303749
-0.714400 -0.054950 -0.410751
-0.823433 -0.482067 0.105367
-0.874900 0.289350 -0.096397
-0.745900 -0.305400 0.313334
-0.882500 -0.213300 -0.400406
-0.849560 0.266800 -0.185877
-0.824000 -0.500600 -0.033402
-0.834050 0.105025 0.334374
-0.836100 -0.038500 -0.410202
-0.864733 -0.255067 -0.385396
-0.646100 -0.393667 -0.266169
-0.851800 -0.416550 -0.264999
-0.764867 -0.106133 0.378769
-0.835200 -0.436000 -0.235794
-0.835750 0.055650 -0.383904
-0.895350 -0.295300 0.337349
-0.675000 -0.401500 0.222305
-0.873100 -0.469500 -0.184799
-0.676160 -0.427120 0.185080
-0.823700 -0.152900 0.380295
-0.735967 -0.215600 -0.388001
-0.878600 -0.002700 0.370804
-0.774040 -0.443400 -0.215039
-0.787650 0.300650 0.055946
-0.866900 -0.491200 -0.125000
-0.715200 -0.471100 -0.114533
-0.771750 0.027450 -0.385598
-0.715000 -0.355550 -0.306698
-0.855575 0.296925 0.096497
-0.724375 -0.377225 -0.285423
-0.864900 0.125767 -0.343933
-0.873600 0.034900 -0.389999
-0.774100 0.296200 0.074852
-0.845650 0.205325 0.253799
-0.704350 -0.470650 0.092499
-0.835900 -0.094200 0.383851
-0.703200 -0.485450 -0.016106
-0.772400 -0.164100 0.371650
-0.672600 -0.142500 -0.410202
-0.733350 -0.085350 -0.408852
-0.725433 0.025150 0.362066
-0.787400 -0.403200 0.241654
-0.853286 0.255571 0.174144
-0.775050 0.291350 -0.133751
-0.716375 0.263225 -0.214451
-0.697700 -0.237300 0.348854
-0.923200 0.056000 -0.379593
-0.636000 -0.472400 0.065200
-0.856550 -0.423800 -0.256599
-0.813967 -0.214967 -0.397898
-0.705167 -0.204400 0.360967
-0.765367 -0.486067 0.095380
-0.665440 -0.315500 0.304239
-0.705700 0.257825 -0.226402
-0.664750 -0.426875 0.184601
-0.765475 0.285925 -0.153927
-0.835150 0.034750 -0.391746
-0.825100 -0.325500 0.314697
-0.894100 0.123500 0.312256
-0.822400 -0.496200 -0.076104
-0.654600 -0.275225 -0.364700
-0.725950 0.251100 -0.231849
-0.919700 0.292700 -0.010498
-0.725700 -0.255950 -0.372272
-0.665200 -0.481400 -0.053948
-0.883200 0.172000 0.273407
-0.901300 0.223400 0.211304
-0.777700 0.153900 0.298096
-0.713900 -0.406500 0.218300
-0.721550 -0.486800 0.005501
-0.841700 0.131700 0.310806
-0.917550 0.055750 0.348945
-0.755325 0.273725 -0.185199
-0.853700 -0.354400 0.295969
-0.745700 -0.134367 0.374135
-0.744933 0.308333 0.044485
-0.849067 -0.064667 0.382101
-0.931900 0.288300 0.035950
-0.686567 0.014667 -0.403000
-0.742150 -0.376250 0.254005
-0.894800 0.129900 0.307404
-0.846600 0.015700 -0.397598
-0.856533 0.313633 -0.045395
-0.880400 -0.083000 0.383300
-0.740600 -0.337400 -0.319595
-0.675167 -0.472950 -0.104235
-0.705183 0.003517 -0.403882
-0.695200 -0.262800 -0.371429
-0.695400 -0.380200 -0.283997
-0.854900 -0.462150 0.163605
-0.714225 0.272950 0.164550
-0.841550 -0.053550 -0.412155
-0.743200 -0.495050 0.024300
-0.871650 0.293800 -0.073845
-0.644567 -0.424333 -0.223368
-0.753200 -0.503900 -0.016998
-0.846800 -0.478250 0.124848
-0.770200 0.198200 0.255997
-0.704800 0.155520 -0.335779
-0.872800 -0.457550 0.176094
-0.765950 0.171650 -0.311554
-0.646275 -0.479625 0.026901
-0.858600 0.277500 -0.146500
-0.681900 -0.309900 0.308701
-0.804450 0.288700 0.105247
-0.851800 -0.014567 0.374237
-0.694500 -0.445033 -0.185328
-0.868750 0.296400 0.025398
-0.724400 -0.481667 -0.065399
-0.816267 0.308600 -0.024435
-0.771950 -0.401250 -0.282456
-0.761350 0.310450 -0.024597
-0.734000 0.230700 0.222900
-0.916650 -0.066350 -0.412704
-0.712750 -0.486000 0.005249
-0.690300 -0.301000 -0.350494
-0.825450 -0.173400 -0.408203
-0.834900 -0.413800 -0.265801
-0.760600 -0.018700 0.372208
-0.881100 -0.414400 0.240402
-0.855833 0.304333 0.035466
-0.704600 0.045375 -0.392529
-0.696000 -0.337050 0.289200
-0.901500 0.241400 0.182404
-0.853480 0.274340 0.135403
-0.844350 -0.024750 0.376396
-0.790600 0.090900 0.340698
-0.724867 0.124467 0.321004
-0.734940 0.133860 -0.345398
-0.705800 -0.252500 0.342202
-0.773650 0.093800 -0.360497
-0.882850 0.146500 -0.326698
-0.793700 -0.494600 -0.065598
-0.656500 -0.254200 -0.375625
-0.796000 -0.386300 -0.292297
-0.722700 -0.419800 -0.229996
-0.885750 0.135250 0.303947
-0.635175 -0.415200 -0.235023
-0.746500 -0.114450 0.376079
-0.847100 0.241900 0.222450
-0.851600 -0.113550 0.383400
-0.735467 0.055500 -0.383601
-0.734675 0.014725 -0.395901
-0.935750 0.146500 -0.322250
-0.943050 0.275750 -0.122497
-0.804200 0.206400 0.255493
-0.756075 -0.224500 0.353901
-0.704700 -0.432100 -0.210205
-0.713300 -0.135867 -0.408768
-0.684840 -0.404840 -0.254898
-0.774500 -0.493000 -0.064850
-0.849200 -0.207500 0.369705
-0.745100 0.055167 -0.381963
-0.724600 0.064300 0.347900
-0.752400 -0.472600 -0.141403
-0.859300 -0.360300 0.292007
-0.918400 0.251000 -0.192993
-0.886500 -0.333000 0.314247
-0.775500 0.295967 -0.115631
-0.664933 -0.482900 -0.014465
-0.735120 -0.384940 0.244540
-0.724650 -0.447700 0.155075
-0.761467 -0.505967 -0.022797
-0.624367 -0.473867 0.054566
-0.684500 -0.474367 0.073298
-0.704700 -0.434967 -0.204732
-0.815600 -0.316400 0.319504
-0.686267 -0.387000 -0.276464
-0.857350 -0.377400 0.276550
-0.846600 -0.402400 0.250000
-0.927300 0.248300 -0.196449
-0.764050 -0.492975 0.065700
-0.816700 -0.015450 -0.407502
-0.702500 0.158700 0.299698
-0.797150 -0.373050 -0.305649
-0.751867 -0.104133 0.376302
-0.734983 0.193200 0.264618
-0.855400 -0.401300 0.252106
-0.756700 0.228100 -0.256500
-0.796067 0.303700 -0.075363
-0.746700 -0.114533 -0.406535
-0.785750 0.264950 0.165298
-0.785400 0.179000 0.279297
-0.722633 -0.126167 -0.408666
-0.914700 0.127950 0.307449
-0.693800 -0.379700 0.249207
-0.777200 0.097000 0.334106
-0.685400 -0.476100 0.065926
-0.654200 -0.425850 0.185227
-0.846575 0.214350 0.254475
-0.684825 -0.412475 -0.244346
-0.782267 0.303133 -0.075068
-0.705300 -0.063775 0.379547
-0.654600 -0.470400 0.080795
-0.745333 0.252600 -0.224635
-0.826550 -0.073775 0.383301
-0.822950 -0.184600 0.374604
-0.762133 -0.502350 -0.034981
-0.849800 0.246100 0.192902
-0.855000 -0.480500 -0.153198
-0.815100 -0.354050 -0.323700
-0.715600 0.147700 -0.339706
-0.724425 0.044950 0.355053
-0.913500 0.249500 -0.197006
-0.704450 -0.391400 -0.270553
-0.813550 -0.195650 0.372055
-0.735633 -0.253633 0.342062
-0.814100 -0.489000 0.076508
-0.724475 0.233525 -0.256477
-0.777200 -0.046267 0.378637
