0.547400 0.135150 -0.358503
0.603140 0.222880 -0.314661
0.495073 0.124800 -0.375973
0.465133 0.215933 -0.334641
0.514800 0.122725 -0.370804
0.615550 0.118750 -0.359200
0.584867 0.182333 -0.330704
0.751450 0.114700 -0.384697
0.645975 0.056900 -0.387077
0.797350 0.166950 -0.378098
0.504433 0.075078 -0.391690
0.586600 0.140400 -0.350800
0.525155 0.255300 -0.335434
0.524857 0.246300 -0.335301
0.665100 0.085050 -0.374252
0.434383 0.134825 -0.381883
0.476500 0.127867 -0.379201
0.524800 0.223300 -0.329432
0.422900 0.161100 -0.370407
0.655275 0.065275 -0.383526
0.615200 0.125520 -0.356580
0.394775 0.155206 -0.377893
0.474933 0.248500 -0.340663
0.627700 0.140900 -0.350906
0.784000 0.114300 -0.384669
0.554500 0.114813 -0.364288
0.593617 0.224400 -0.316216
0.644425 0.124950 -0.357899
0.506575 0.107875 -0.379047
0.739800 0.133100 -0.382004
0.414378 0.224878 -0.351288
0.404983 0.224450 -0.352765
0.635850 0.037725 -0.387001
0.743200 0.137800 -0.379700
0.574929 0.104643 -0.366701
0.483950 0.208700 -0.339599
0.654100 0.036100 -0.386245
0.444911 0.124756 -0.385310
0.618000 0.087700 -0.369507
0.419050 0.222800 -0.349396
0.567167 0.284600 -0.321665
0.662500 0.071100 -0.381607
0.475300 0.114718 -0.385746
0.633600 0.087000 -0.369293
0.555200 0.135625 -0.356564
0.635950 0.045433 -0.387764
0.572200 0.238700 -0.320297
0.673000 0.152000 -0.352295
0.494509 0.105064 -0.384057
0.574500 0.121400 -0.360199
0.594700 0.083740 -0.372421
0.494830 0.204510 -0.341351
0.544780 0.102380 -0.371982
0.507320 0.196540 -0.338464
0.674550 0.074300 -0.381645
0.525833 0.213500 -0.328684
0.435185 0.205254 -0.343961
0.674867 0.082933 -0.376536
0.404931 0.155131 -0.376684
0.514480 0.142280 -0.361399
0.612400 0.070700 -0.380096
0.555287 0.244625 -0.324949
0.665100 0.115600 -0.363937
0.749100 0.134900 -0.381805
0.596200 0.095133 -0.367150
0.756750 0.142350 -0.381500
0.621300 0.116700 -0.359604
0.564100 0.114550 -0.362918
0.624467 0.215633 -0.317871
0.585280 0.054620 -0.388144
0.725050 0.075500 -0.384048
0.405550 0.195593 -0.358249
0.425087 0.184913 -0.354018
0.465950 0.246900 -0.340652
0.455278 0.084822 -0.392090
0.534657 0.245171 -0.331486
0.524425 0.236250 -0.333401
0.574000 0.141200 -0.351100
0.655700 0.125200 -0.358332
0.624340 0.064320 -0.383258
0.495000 0.165300 -0.356454
0.455410 0.184550 -0.352339
0.444733 0.105656 -0.389233
0.537500 0.232100 -0.329895
0.694150 0.073350 -0.384651
0.445100 0.225180 -0.337909
0.575675 0.205725 -0.321873
0.794850 0.146200 -0.381401
0.493100 0.081767 -0.391032
0.504525 0.124792 -0.372923
0.434456 0.184056 -0.352190
0.455164 0.224391 -0.334700
0.554400 0.152480 -0.351441
0.566040 0.126000 -0.358920
0.585233 0.254567 -0.317601
0.444910 0.216200 -0.338910
0.614867 0.113300 -0.361231
0.765833 0.095633 -0.385635
0.575000 0.054757 -0.388428
0.425350 0.146675 -0.378424
0.605625 0.146275 -0.348476
0.614800 0.056380 -0.385998
0.667150 0.076750 -0.378349
0.642850 0.167650 -0.338401
0.515330 0.134650 -0.365219
0.395611 0.176967 -0.368654
0.765667 0.146167 -0.381134
0.655500 0.120700 -0.360306
0.715700 0.095733 -0.384267
0.474789 0.123311 -0.381722
0.673750 0.112050 -0.367302
0.444900 0.114957 -0.387456
0.594820 0.155380 -0.346097
0.485825 0.188325 -0.348599
0.544967 0.224900 -0.326017
0.565817 0.174683 -0.337301
0.477250 0.169300 -0.359451
0.595550 0.145200 -0.349300
0.475290 0.145040 -0.372440
0.434650 0.215183 -0.342140
0.624150 0.162300 -0.341255
0.733400 0.076500 -0.385696
0.626900 0.166967 -0.338099
0.521550 0.217400 -0.330047
0.643600 0.211500 -0.322906
0.625520 0.175280 -0.333398
0.644267 0.174400 -0.334935
0.543867 0.204150 -0.324399
0.575070 0.084750 -0.375290
0.614200 0.140850 -0.350548
0.414300 0.162586 -0.371556
0.546700 0.107260 -0.368777
0.543467 0.171933 -0.341298
0.624175 0.104475 -0.365097
0.535317 0.095667 -0.377985
0.625000 0.036850 -0.387154
0.474333 0.224933 -0.332883
0.682300 0.150600 -0.356003
0.622900 0.144800 -0.349349
0.516460 0.146920 -0.358563
0.524743 0.146186 -0.357171
0.477967 0.097433 -0.389928
0.514300 0.243333 -0.335866
0.544250 0.284733 -0.324282
0.514050 0.214908 -0.333032
0.412720 0.182100 -0.361041
0.443900 0.187633 -0.349095
0.644500 0.074500 -0.377148
0.397200 0.205563 -0.359463
0.635820 0.064480 -0.383640
0.472400 0.207600 -0.338699
0.781900 0.155500 -0.379799
0.624750 0.125475 -0.356800
0.503550 0.104138 -0.381800
0.665100 0.204300 -0.333496
0.677000 0.104100 -0.371796
0.716140 0.073680 -0.384616
0.505618 0.205755 -0.337529
0.464883 0.206483 -0.338582
0.538900 0.159500 -0.349503
0.443029 0.236557 -0.341300
0.563971 0.105229 -0.367342
0.535080 0.132720 -0.361362
0.414887 0.204773 -0.351854
0.617300 0.253450 -0.317596
0.434692 0.145592 -0.377807
0.542350 0.132750 -0.360153
0.614067 0.146567 -0.348200
0.504818 0.184909 -0.342836
0.483350 0.120950 -0.380753
0.514733 0.186150 -0.338435
0.564775 0.235300 -0.322050
0.634500 0.105600 -0.365299
0.454767 0.214242 -0.336427
0.645825 0.116050 -0.362202
0.684867 0.073900 -0.383031
0.554422 0.094878 -0.374268
0.617433 0.167533 -0.338064
0.432100 0.140100 -0.380096
0.480750 0.091900 -0.390648
0.444853 0.144840 -0.376215
0.663333 0.095033 -0.372569
0.525020 0.093440 -0.381580
0.625425 0.206075 -0.323772
0.603800 0.154783 -0.345665
0.544744 0.144856 -0.356208
0.407500 0.168500 -0.369598
0.564814 0.214971 -0.320973
0.585500 0.135150 -0.353732
0.454250 0.138150 -0.378677
0.732800 0.062000 -0.384094
0.568800 0.257200 -0.319504
0.504800 0.085170 -0.387912
0.444780 0.152540 -0.371521
0.624050 0.192800 -0.327500
0.556100 0.075067 -0.382584
0.535180 0.064780 -0.388060
0.536720 0.196340 -0.328299
0.508400 0.169000 -0.348503
0.613725 0.105575 -0.364052
0.629300 0.070000 -0.380905
0.655750 0.105450 -0.368354
0.419900 0.208700 -0.348206
0.657500 0.100800 -0.370605
0.671700 0.159100 -0.348801
0.613625 0.184500 -0.327553
0.594200 0.089800 -0.369202
0.778400 0.125133 -0.383698
0.634067 0.135800 -0.352900
0.595560 0.075080 -0.377859
0.626500 0.094700 -0.367825
0.583800 0.175457 -0.335399
0.524744 0.264756 -0.333443
0.595060 0.205340 -0.322937
0.604600 0.104575 -0.364197
0.666000 0.145000 -0.354378
0.535711 0.185111 -0.335068
0.744133 0.126400 -0.383036
0.526625 0.204650 -0.329273
