0.496000 -0.028400 -0.268707
0.474925 -0.047075 -0.259052
0.462967 -0.068467 -0.281870
0.486350 -0.070950 -0.268502
0.495517 -0.015800 -0.275248
0.481883 -0.004508 -0.335551
0.565400 -0.127100 -0.315022
0.603567 -0.137867 -0.304464
0.463836 -0.065400 -0.345510
0.474673 -0.024218 -0.334781
0.470167 -0.032933 -0.326528
0.455233 -0.065067 -0.303917
0.455137 -0.081875 -0.315674
0.458633 -0.093600 -0.343135
0.484900 0.011200 -0.322448
0.637100 -0.132800 -0.267655
0.464586 -0.085857 -0.314612
0.534600 -0.114620 -0.315259
0.623733 -0.146233 -0.304565
0.622800 -0.119600 -0.253906
0.464080 -0.055980 -0.261929
0.458763 -0.046750 -0.284552
0.484567 -0.107683 -0.358165
0.543800 -0.117750 -0.313820
0.633450 -0.124950 -0.255646
0.458800 -0.080800 -0.309402
0.554220 -0.091660 -0.254599
0.475120 -0.094720 -0.364430
0.478788 -0.006200 -0.323750
0.453957 -0.065329 -0.294664
0.485257 -0.015486 -0.275456
0.474971 -0.085486 -0.305483
0.616467 -0.143700 -0.305201
0.488200 -0.092700 -0.309105
0.639600 -0.150600 -0.299896
0.458011 -0.045189 -0.274967
0.515467 -0.027433 -0.269333
0.484840 -0.002660 -0.282101
0.492600 -0.107900 -0.354652
0.505300 -0.054883 -0.255234
0.477600 -0.015700 -0.335365
0.484120 -0.077740 -0.283099
0.464300 -0.103600 -0.361285
0.467600 -0.035017 -0.314466
0.465386 -0.066000 -0.275225
0.455400 -0.071883 -0.294902
0.576250 -0.126800 -0.305202
0.471529 -0.055100 -0.362614
0.502900 -0.112100 -0.344154
0.465975 -0.048675 -0.259174
0.475650 -0.009600 -0.278747
0.646650 -0.152050 -0.297096
0.538200 -0.082400 -0.249802
0.478878 0.003622 -0.304911
0.461489 -0.073378 -0.345644
0.594433 -0.124133 -0.285100
0.484167 -0.042700 -0.261266
0.563975 -0.106325 -0.275101
0.634950 -0.142900 -0.288796
0.457300 -0.064912 -0.314418
0.504460 -0.096740 -0.304678
0.472650 -0.065000 -0.365021
0.461260 -0.044410 -0.295241
0.476573 -0.024473 -0.344691
0.596300 -0.141700 -0.318207
0.466375 -0.092550 -0.326622
0.467808 -0.044892 -0.335501
0.495343 -0.103214 -0.324958
0.642400 -0.140900 -0.278702
0.505000 -0.107640 -0.325424
0.505250 -0.071633 -0.254781
0.635700 -0.139600 -0.281700
0.548200 -0.101700 -0.279099
0.485583 -0.104067 -0.334750
0.486550 -0.106300 -0.344200
0.573700 -0.121567 -0.297033
0.473700 -0.068640 -0.273877
0.615800 -0.112625 -0.245526
0.478820 -0.018320 -0.345319
0.494525 -0.008450 -0.278999
0.595750 -0.138500 -0.312500
0.460400 -0.070300 -0.337708
0.546375 -0.124225 -0.325626
0.524640 -0.105640 -0.305380
0.474467 -0.028433 -0.268499
0.574933 -0.111933 -0.277105
0.482875 0.013258 -0.294416
0.655500 -0.157300 -0.302597
0.454677 -0.084246 -0.325001
0.497400 -0.080400 -0.278107
0.484500 -0.014900 -0.363778
0.471500 -0.087500 -0.312203
0.474933 -0.064400 -0.264699
0.479100 -0.009500 -0.332047
0.532500 -0.098333 -0.285065
0.601400 -0.119600 -0.270493
0.485800 0.002000 -0.343147
0.464094 -0.035287 -0.294811
0.478400 -0.025950 -0.355041
0.466520 -0.024627 -0.284961
0.482964 0.013945 -0.304982
0.485383 0.005117 -0.286214
0.515240 -0.092260 -0.287179
0.464470 -0.095020 -0.364899
0.474114 -0.015300 -0.314658
0.607650 -0.120650 -0.267601
0.472400 -0.044514 -0.354793
0.485567 -0.047500 -0.258927
0.644300 -0.134100 -0.264694
0.604650 -0.106750 -0.242752
0.524800 -0.118725 -0.332951
0.464557 -0.076029 -0.295330
0.485471 -0.063300 -0.255147
0.537700 -0.100100 -0.284195
0.454147 -0.073993 -0.305167
0.605367 -0.123800 -0.275431
0.605450 -0.133850 -0.294998
0.640900 -0.122600 -0.245804
0.635800 -0.153100 -0.307853
0.575400 -0.134400 -0.320946
0.640150 -0.127900 -0.256096
0.463400 -0.035227 -0.266345
0.466677 -0.054877 -0.344449
0.481875 -0.045250 -0.377800
0.503725 -0.115400 -0.352499
0.459100 -0.069900 -0.330597
0.562400 -0.119600 -0.302200
0.504920 -0.076800 -0.265283
0.475693 -0.055153 -0.376187
0.505350 -0.047000 -0.259224
0.465300 -0.097400 -0.348694
0.491700 -0.069000 -0.260696
0.495183 -0.083783 -0.285634
0.475029 -0.075014 -0.285084
0.483575 -0.025633 -0.374875
0.483433 -0.008067 -0.279165
0.467600 -0.093200 -0.353104
0.500400 -0.100000 -0.314194
0.554325 -0.117350 -0.304420
0.494860 -0.122460 -0.350778
0.504800 -0.015167 -0.275533
0.504200 -0.022967 -0.271469
0.484714 0.004014 -0.334102
0.633625 -0.134875 -0.274498
0.527450 -0.111850 -0.315598
0.466267 -0.062400 -0.267733
0.506550 -0.093350 -0.295700
0.573980 -0.094860 -0.245221
0.565600 -0.122475 -0.305531
0.481700 -0.023940 -0.365621
0.471479 -0.014521 -0.295650
0.553080 -0.107220 -0.285776
0.585320 -0.135160 -0.314496
0.516400 -0.008033 -0.279500
0.458462 -0.056023 -0.304638
0.515867 -0.072333 -0.248235
0.514717 -0.054917 -0.255150
0.544083 -0.087667 -0.255117
0.620600 -0.149900 -0.314499
0.614500 -0.132200 -0.284302
0.504050 -0.086100 -0.283577
0.495900 0.014233 -0.291433
0.477750 -0.005292 -0.315074
0.475456 -0.034278 -0.354411
0.474380 -0.094740 -0.324441
0.477714 0.004071 -0.287340
0.494000 -0.087450 -0.294026
0.572000 -0.127600 -0.310303
0.482800 -0.036125 -0.381927
0.456400 -0.091543 -0.335417
0.598300 -0.112400 -0.259094
0.456171 -0.055171 -0.285129
0.517967 -0.081967 -0.265035
0.456600 -0.062067 -0.276057
0.525460 -0.085040 -0.264999
0.514386 -0.075514 -0.255129
0.494850 -0.043250 -0.261375
0.456243 -0.054593 -0.266331
0.461260 -0.054440 -0.316441
0.544200 -0.108067 -0.294835
0.524620 -0.114580 -0.323559
0.614700 -0.137620 -0.294919
0.597100 -0.122300 -0.279205
0.480767 -0.012750 -0.345263
0.459100 -0.038250 -0.267204
0.623533 -0.125700 -0.264663
0.527950 -0.092900 -0.278198
0.515360 -0.112340 -0.326599
0.485000 -0.018000 -0.370102
0.482942 0.004442 -0.325050
0.476025 -0.014958 -0.325276
0.494767 0.006200 -0.286850
0.475550 -0.101400 -0.337357
0.473967 -0.101367 -0.344569
0.614733 -0.127667 -0.275503
0.464457 -0.095700 -0.334713
0.462825 -0.034969 -0.284951
0.626750 -0.122050 -0.255203
0.533900 -0.087867 -0.263499
0.563700 -0.129000 -0.320404
0.502400 -0.089350 -0.291305
0.616733 -0.123367 -0.265701
0.533733 -0.118367 -0.323501
0.483792 -0.025217 -0.383758
0.633250 -0.128600 -0.262703
0.547550 -0.110650 -0.296952
0.514750 -0.062750 -0.251247
0.470800 -0.086900 -0.358093
0.469500 -0.028625 -0.314175
0.461542 -0.064817 -0.335084
0.470700 -0.042867 -0.345835
0.555650 -0.103550 -0.276527
0.624367 -0.115333 -0.244003
0.495950 -0.072900 -0.264997
0.594050 -0.128450 -0.293747
0.600100 -0.129500 -0.290894
0.457325 -0.054869 -0.295186
0.456208 -0.075167 -0.325951
0.470200 -0.052900 -0.356499
0.495240 -0.002060 -0.282342
0.575325 -0.116125 -0.284882
0.513800 -0.099300 -0.301834
0.458189 -0.075122 -0.334790
0.462433 -0.078733 -0.302333
0.479050 -0.037950 -0.372398
0.602300 -0.109700 -0.250397
0.477869 0.004838 -0.294952
0.626500 -0.142400 -0.294596
0.493000 0.011700 -0.289902
0.594760 -0.104060 -0.245819
0.564850 -0.116800 -0.294747
0.632650 -0.149150 -0.302750
0.460633 -0.042017 -0.285769
0.515880 -0.106600 -0.314740
0.464546 -0.054823 -0.334778
0.514300 -0.095875 -0.294823
0.523000 -0.109600 -0.314903
0.472827 -0.025080 -0.324967
0.633900 -0.121450 -0.248749
0.495490 -0.066080 -0.253920
0.514843 -0.035329 -0.265272
0.485371 -0.084671 -0.295641
0.625650 -0.132500 -0.276100
0.584533 -0.100733 -0.247564
0.459800 -0.090900 -0.328903
0.643000 -0.147950 -0.291893
0.583250 -0.097350 -0.242301
0.474783 -0.004475 -0.294659
0.480500 -0.021900 -0.356796
0.463600 -0.088933 -0.321670
0.480200 0.007333 -0.305166
0.468744 -0.036356 -0.323912
0.498200 -0.091400 -0.298599
0.504433 -0.004000 -0.281337
0.599500 -0.102800 -0.239502
0.481160 0.004910 -0.315239
0.543440 -0.102720 -0.284799
0.467650 -0.024858 -0.295284
0.526667 -0.062767 -0.251404
0.587300 -0.130500 -0.303207
0.477933 -0.045600 -0.373947
0.645450 -0.155100 -0.304245
0.494370 -0.114950 -0.354219
0.524600 -0.043500 -0.261254
0.506900 -0.090000 -0.288803
0.474413 -0.015187 -0.275789
0.547200 -0.126167 -0.336467
0.464617 -0.074267 -0.354530
0.485086 -0.054829 -0.255358
0.474640 -0.022480 -0.271738
0.644000 -0.158400 -0.311394
0.572250 -0.118100 -0.291198
0.454633 -0.055075 -0.274718
0.504520 -0.035220 -0.265216
0.475467 -0.042867 -0.261134
0.456067 -0.084783 -0.335708
0.478133 -0.061833 -0.257635
0.472493 -0.015213 -0.304873
0.483208 -0.005033 -0.344434
0.512600 -0.113500 -0.331207
0.593850 -0.134125 -0.305275
0.461423 -0.035100 -0.274916
0.506200 -0.008833 -0.278935
0.511400 -0.107600 -0.320297
0.469200 -0.019000 -0.291199
0.560600 -0.109600 -0.284393
0.473944 -0.005233 -0.284411
0.597100 -0.132300 -0.298599
0.535383 -0.094417 -0.275133
0.536567 -0.091100 -0.267731
0.500900 -0.108600 -0.331100
0.487100 -0.100600 -0.326202
0.522800 -0.097850 -0.291748
0.468833 -0.016317 -0.278051
0.460775 -0.061625 -0.325920
0.469144 -0.016333 -0.284754
0.458510 -0.066230 -0.323960
0.504275 -0.042100 -0.261780
0.506000 -0.082433 -0.275500
0.477618 -0.035491 -0.364401
0.604333 -0.143333 -0.314570
0.565725 -0.112050 -0.285000
0.515350 -0.047750 -0.258949
0.484300 -0.034787 -0.265476
0.507200 -0.066800 -0.249702
0.474100 -0.096900 -0.357498
0.466023 -0.034946 -0.304508
0.479350 0.000650 -0.314003
0.463987 -0.044947 -0.314619
0.505257 0.004900 -0.286229
0.466200 -0.082240 -0.306341
0.594567 -0.108567 -0.254399
0.505600 -0.027967 -0.269002
0.544600 -0.097400 -0.273525
0.479100 -0.029100 -0.362396
0.641000 -0.119100 -0.238800
0.514675 -0.102250 -0.307148
0.478033 -0.071833 -0.276769
0.466180 -0.072420 -0.286999
0.474400 -0.035529 -0.264971
0.604250 -0.113300 -0.256095
0.484460 -0.093660 -0.314258
0.475331 -0.084946 -0.366907
0.537000 -0.120950 -0.325852
0.524633 -0.094800 -0.284615
0.593320 -0.113580 -0.265360
0.515000 -0.003100 -0.282196
0.484233 0.012678 -0.314889
0.621600 -0.130000 -0.274506
0.480467 -0.003033 -0.327331
0.515033 -0.085933 -0.275032
0.556800 -0.113480 -0.294839
0.464700 -0.082200 -0.353897
0.525633 -0.080900 -0.257065
0.495543 -0.055143 -0.255286
0.462507 -0.044771 -0.304986
0.523425 -0.088675 -0.273826
0.469014 -0.056200 -0.354370
0.650100 -0.149300 -0.289001
0.460650 -0.084850 -0.348198
0.485850 -0.081750 -0.289146
0.474490 -0.045370 -0.364288
0.474600 -0.105843 -0.358074
0.459700 -0.048400 -0.294396
0.513267 -0.079500 -0.264033
0.481467 -0.053500 -0.377533
0.470860 -0.012280 -0.286981
0.606300 -0.130700 -0.288147
0.484360 -0.115260 -0.354968
0.623775 -0.136475 -0.285301
0.474933 -0.098567 -0.331965
0.595500 -0.118650 -0.273354
0.475300 -0.101850 -0.361468
0.471727 -0.033400 -0.335109
0.493967 -0.076783 -0.273982
0.503200 -0.063240 -0.251581
0.469600 -0.038533 -0.333435
0.481386 -0.034600 -0.375571
0.515867 -0.043300 -0.261164
0.459300 -0.058150 -0.313500
0.482069 -0.015046 -0.354768
0.466654 -0.064546 -0.354937
0.505640 -0.102520 -0.315122
0.545333 -0.127800 -0.341466
0.494612 -0.035025 -0.265362
0.613767 -0.147433 -0.315201
