0.535320 0.085460 -0.384250
0.465133 0.215933 -0.334641
0.509000 0.128650 -0.369599
0.476500 0.244400 -0.339066
0.514050 0.214908 -0.333032
0.465617 0.235133 -0.335200
0.474760 0.175110 -0.356290
0.626500 0.094700 -0.367825
0.515157 0.094229 -0.382342
0.554529 0.055743 -0.388399
0.646250 0.161600 -0.342697
0.556550 0.127500 -0.359398
0.585233 0.254567 -0.317601
0.615550 0.118750 -0.359200
0.454850 0.156900 -0.368184
0.567167 0.284600 -0.321665
0.624050 0.192800 -0.327500
0.574233 0.194317 -0.323817
0.495655 0.194745 -0.343927
0.536350 0.265250 -0.328865
0.635025 0.075600 -0.376526
0.514733 0.186150 -0.338435
0.544871 0.274229 -0.324417
0.544643 0.234614 -0.327924
0.525833 0.213500 -0.328684
0.625167 0.154167 -0.344203
0.503550 0.104138 -0.381800
0.604600 0.104575 -0.364197
0.475290 0.145040 -0.372440
0.423600 0.194408 -0.351093
0.564800 0.186950 -0.328827
0.614525 0.214600 -0.317501
0.588750 0.272200 -0.319054
0.588733 0.284867 -0.321935
0.505889 0.156267 -0.357146
0.544717 0.176950 -0.337636
0.554850 0.175462 -0.337263
0.575043 0.154886 -0.347460
0.495073 0.124800 -0.375973
0.642300 0.088400 -0.369797
0.626900 0.166967 -0.338099
0.569200 0.271600 -0.319305
0.603380 0.185700 -0.326984
0.504450 0.235425 -0.333248
0.604825 0.083875 -0.371952
0.535067 0.104689 -0.372313
0.555287 0.244625 -0.324949
0.614900 0.083125 -0.372223
0.564600 0.182050 -0.332226
0.665100 0.204300 -0.333496
0.504718 0.114945 -0.377136
0.421700 0.202800 -0.350396
0.594600 0.168350 -0.338997
0.445030 0.204550 -0.341920
0.525190 0.135160 -0.362559
0.544587 0.115187 -0.366274
0.484480 0.204020 -0.341641
0.554738 0.254662 -0.323503
0.454967 0.206483 -0.338598
0.673750 0.112050 -0.367302
0.604767 0.112167 -0.361232
0.615733 0.134667 -0.352783
0.565817 0.174683 -0.337301
0.424500 0.172800 -0.362556
0.517500 0.098050 -0.379349
0.516160 0.127220 -0.368378
0.594560 0.124520 -0.356482
0.605150 0.254950 -0.317398
0.604833 0.167100 -0.338933
0.508400 0.169000 -0.348503
0.533160 0.235840 -0.331161
0.544650 0.255138 -0.327364
0.565800 0.148450 -0.349648
0.546700 0.107260 -0.368777
0.534522 0.205078 -0.327013
0.514491 0.194800 -0.336146
0.502233 0.152533 -0.360535
0.584867 0.182333 -0.330704
0.516460 0.146920 -0.358563
0.575070 0.084750 -0.375290
0.575900 0.234560 -0.319278
0.585500 0.135150 -0.353732
0.584640 0.206180 -0.321939
0.503400 0.260000 -0.340500
0.631000 0.214500 -0.318802
0.617300 0.253450 -0.317596
0.544840 0.194770 -0.325900
0.625425 0.206075 -0.323772
0.485187 0.195175 -0.345001
0.484000 0.243300 -0.337601
0.513475 0.254675 -0.340648
0.505170 0.135650 -0.367111
0.504818 0.184909 -0.342836
0.563700 0.253825 -0.321305
0.465200 0.242300 -0.338898
0.654500 0.085175 -0.372276
0.578267 0.286733 -0.322398
0.603033 0.235067 -0.316300
0.505618 0.205755 -0.337529
0.554888 0.164488 -0.344900
0.505109 0.175345 -0.346945
0.455390 0.195280 -0.345512
0.484373 0.174573 -0.354964
0.555850 0.087500 -0.378070
0.504525 0.124792 -0.372923
0.599350 0.273550 -0.319297
0.591300 0.262600 -0.317848
0.599500 0.286600 -0.322296
0.560900 0.170000 -0.340698
0.584967 0.095433 -0.367699
0.584700 0.226120 -0.317960
0.662250 0.164100 -0.343750
0.667500 0.154200 -0.350296
0.615200 0.125520 -0.356580
0.571250 0.223500 -0.320206
0.544967 0.224900 -0.326017
0.500000 0.200500 -0.340103
0.554400 0.152480 -0.351441
0.547400 0.135150 -0.358503
0.445100 0.225180 -0.337909
0.475443 0.214171 -0.336315
0.526625 0.204650 -0.329273
0.536720 0.196340 -0.328299
0.515860 0.166440 -0.348618
0.436800 0.225200 -0.339706
0.581800 0.090500 -0.370300
0.485131 0.154438 -0.365301
0.655750 0.105450 -0.368354
0.474950 0.203483 -0.341616
0.585375 0.193650 -0.324299
0.535711 0.185111 -0.335068
0.634500 0.105600 -0.365299
0.513500 0.182000 -0.341175
0.465950 0.246900 -0.340652
0.422900 0.161100 -0.370407
0.555200 0.135625 -0.356564
0.575675 0.205725 -0.321873
0.594350 0.118600 -0.358452
0.585400 0.064917 -0.383451
0.595300 0.235367 -0.317266
0.504350 0.164642 -0.353751
0.585080 0.155020 -0.346802
0.562100 0.264550 -0.320556
0.651600 0.210700 -0.325699
0.613725 0.105575 -0.364052
0.464978 0.164522 -0.363598
0.645825 0.116050 -0.362202
0.564775 0.235300 -0.322050
0.624467 0.215633 -0.317871
0.419900 0.208700 -0.348206
0.514300 0.243333 -0.335866
0.671700 0.159100 -0.348801
0.454400 0.170650 -0.360497
0.493600 0.160300 -0.361099
0.494200 0.132617 -0.371750
0.524800 0.223300 -0.329432
0.407500 0.168500 -0.369598
0.524380 0.155230 -0.352908
0.494745 0.174491 -0.352346
0.572200 0.238700 -0.320297
0.595060 0.205340 -0.322937
0.539600 0.242800 -0.329895
0.663333 0.095033 -0.372569
0.494830 0.204510 -0.341351
0.484633 0.224083 -0.334048
0.655725 0.114625 -0.363525
0.494891 0.144609 -0.365964
0.554500 0.214867 -0.322367
0.613625 0.184500 -0.327553
0.585600 0.186375 -0.327572
0.456000 0.246500 -0.341532
0.472400 0.207600 -0.338699
0.445271 0.157471 -0.368415
0.523383 0.114367 -0.371401
0.444910 0.216200 -0.338910
0.416092 0.186038 -0.357599
0.574686 0.165186 -0.342470
0.474433 0.235267 -0.334234
0.443029 0.236557 -0.341300
0.495075 0.244400 -0.337650
0.625767 0.133833 -0.352768
0.589100 0.118900 -0.359604
0.524425 0.236250 -0.333401
0.574100 0.074100 -0.380852
0.633850 0.125875 -0.357151
0.544537 0.095025 -0.376515
0.535633 0.178233 -0.338999
0.666500 0.102300 -0.370895
0.574000 0.141200 -0.351100
0.531567 0.264267 -0.330866
0.588600 0.088700 -0.369904
0.622300 0.235800 -0.315867
0.474736 0.164200 -0.362821
0.532743 0.224800 -0.328199
0.484514 0.183171 -0.351229
0.619500 0.210200 -0.321304
0.425143 0.178057 -0.358215
0.440900 0.213200 -0.341148
0.521920 0.204720 -0.331320
0.525156 0.085067 -0.386190
0.444780 0.152540 -0.371521
0.524864 0.185082 -0.336835
0.482940 0.142560 -0.371521
0.494150 0.214967 -0.337115
0.545100 0.084013 -0.382450
0.585500 0.145860 -0.348999
0.555120 0.105860 -0.368042
0.566700 0.264175 -0.319378
0.486487 0.146262 -0.368389
0.547650 0.089300 -0.379196
0.525020 0.093440 -0.381580
0.527067 0.117200 -0.369232
0.524744 0.264756 -0.333443
0.574700 0.146550 -0.348999
0.615383 0.095083 -0.367236
0.585667 0.162800 -0.342702
0.494936 0.095618 -0.386701
0.474500 0.183433 -0.351585
0.425258 0.224675 -0.346725
0.444983 0.164942 -0.364241
0.595033 0.134367 -0.353167
0.556625 0.157800 -0.348850
0.426142 0.205083 -0.347359
0.634700 0.153167 -0.346868
0.544744 0.144856 -0.356208
0.583800 0.175457 -0.335399
0.536375 0.074950 -0.385098
0.524100 0.194911 -0.332365
0.474167 0.188067 -0.348770
0.565414 0.164386 -0.343754
0.630000 0.148400 -0.349197
0.415370 0.167230 -0.368230
0.654100 0.169100 -0.339294
0.485286 0.214614 -0.337289
0.624150 0.162300 -0.341255
0.604075 0.135075 -0.352524
0.538900 0.159500 -0.349503
0.535114 0.153657 -0.352458
0.503413 0.214050 -0.337027
0.624175 0.104475 -0.365097
0.595560 0.075080 -0.377859
0.625450 0.087350 -0.369301
0.576733 0.224167 -0.318868
0.504167 0.245433 -0.337901
0.670800 0.106500 -0.369293
0.486733 0.167117 -0.358469
0.603140 0.222880 -0.314661
0.544514 0.124129 -0.362329
0.425087 0.184913 -0.354018
0.425415 0.155169 -0.373762
0.425793 0.165643 -0.366744
0.596000 0.163233 -0.341832
0.623933 0.184433 -0.328532
0.514962 0.225550 -0.332674
0.616033 0.195167 -0.326035
0.594200 0.089800 -0.369202
0.508800 0.148000 -0.359604
0.454767 0.214242 -0.336427
0.598500 0.278700 -0.320206
0.454750 0.189450 -0.349404
0.604267 0.162467 -0.341568
0.575675 0.215425 -0.320278
0.500900 0.171800 -0.350494
0.644975 0.134175 -0.354576
0.521433 0.224800 -0.330668
0.601433 0.265433 -0.318304
0.616286 0.155086 -0.344299
0.595550 0.145200 -0.349300
0.566133 0.245667 -0.321284
0.594700 0.083740 -0.372421
0.561300 0.082150 -0.380401
0.596300 0.195033 -0.324397
0.635300 0.165550 -0.338852
0.554829 0.265271 -0.321845
0.554575 0.082350 -0.381225
0.535189 0.114922 -0.368190
0.545329 0.245186 -0.328212
0.584500 0.084033 -0.373380
0.575640 0.065560 -0.382477
0.600000 0.283100 -0.321701
0.575750 0.245125 -0.319351
0.556263 0.225263 -0.323599
0.555714 0.064729 -0.383290
0.404487 0.204973 -0.356226
0.534657 0.245171 -0.331486
0.644425 0.124950 -0.357899
0.463100 0.201333 -0.341166
0.651750 0.094850 -0.371101
0.514480 0.142280 -0.361399
0.530100 0.110500 -0.370895
0.612400 0.070700 -0.380096
0.617433 0.167533 -0.338064
0.634067 0.135800 -0.352900
0.584220 0.114200 -0.361698
0.583660 0.245740 -0.318042
0.438550 0.158800 -0.369446
0.535550 0.137950 -0.359402
0.634600 0.095800 -0.368302
0.484500 0.162500 -0.361799
0.506575 0.107875 -0.379047
0.614850 0.224350 -0.314774
0.529200 0.198000 -0.328796
0.565620 0.056180 -0.387701
0.603800 0.154783 -0.345665
0.572450 0.091500 -0.371101
0.495782 0.154618 -0.362183
0.494509 0.105064 -0.384057
0.643600 0.211500 -0.322906
0.600600 0.140800 -0.350006
0.585029 0.105086 -0.365058
0.534711 0.125200 -0.363866
0.576340 0.125580 -0.358081
0.434343 0.164093 -0.365092
0.604100 0.214360 -0.317795
0.534600 0.164963 -0.346760
0.584800 0.075883 -0.378118
0.586350 0.168950 -0.339249
0.594467 0.255300 -0.317398
0.574875 0.187375 -0.327774
0.502960 0.194040 -0.340518
0.575383 0.174850 -0.336718
0.572750 0.264500 -0.318947
0.533650 0.192325 -0.331276
0.563233 0.093550 -0.371951
0.635900 0.212500 -0.320297
0.434654 0.195292 -0.347038
0.563971 0.105229 -0.367342
0.556100 0.075067 -0.382584
0.605420 0.125200 -0.356518
0.495100 0.233900 -0.332962
0.627700 0.140900 -0.350906
0.521550 0.217400 -0.330047
0.475220 0.194870 -0.344989
0.595750 0.065367 -0.382802
0.555300 0.284471 -0.322584
0.565050 0.204925 -0.321026
0.505575 0.095208 -0.384057
0.495000 0.165300 -0.356454
0.555800 0.188550 -0.327949
0.604000 0.117750 -0.359200
0.655500 0.120700 -0.360306
0.515490 0.174910 -0.344110
0.575050 0.254967 -0.318850
0.635850 0.196650 -0.328956
0.542350 0.132750 -0.360153
0.554422 0.094878 -0.374268
0.554578 0.144900 -0.353168
0.419050 0.222800 -0.349396
0.553400 0.170400 -0.340897
0.534600 0.144643 -0.357472
0.503950 0.144700 -0.362808
0.564820 0.155140 -0.348321
0.534700 0.091233 -0.381129
0.474933 0.248500 -0.340663
0.534663 0.275000 -0.328047
0.507320 0.196540 -0.338464
0.620300 0.242100 -0.316299
0.464960 0.194250 -0.345581
0.545600 0.158800 -0.349106
0.555100 0.100950 -0.370499
0.570900 0.241300 -0.320297
0.554167 0.123400 -0.361084
0.566233 0.098000 -0.369334
0.486900 0.247900 -0.340195
0.543867 0.204150 -0.324399
0.634033 0.082633 -0.371602
0.614867 0.113300 -0.361231
0.554300 0.274300 -0.321767
0.514875 0.234925 -0.333324
0.626150 0.225200 -0.315254
0.418350 0.215467 -0.348584
0.594700 0.185980 -0.327197
0.516433 0.076617 -0.388916
0.644267 0.174400 -0.334935
0.605625 0.146275 -0.348476
0.524743 0.146186 -0.357171
0.645800 0.105267 -0.366964
0.495420 0.256220 -0.341541
0.615725 0.075150 -0.377472
0.455317 0.235400 -0.337082
0.566040 0.126000 -0.358920
0.510300 0.260500 -0.340103
0.574971 0.114800 -0.362529
0.593975 0.214525 -0.318050
0.465800 0.188800 -0.349034
0.642850 0.167650 -0.338401
0.574929 0.104643 -0.366701
0.427800 0.196800 -0.348531
0.534971 0.215171 -0.326370
0.582900 0.265400 -0.318381
0.614200 0.140850 -0.350548
0.633600 0.087000 -0.369293
0.514809 0.114900 -0.373690
0.455164 0.224391 -0.334700
0.655700 0.125200 -0.358332
0.544563 0.184238 -0.332653
0.568800 0.257200 -0.319504
0.483950 0.208700 -0.339599
0.514020 0.154490 -0.355421
0.564750 0.120600 -0.360604
0.554750 0.183250 -0.331699
0.564100 0.114550 -0.362918
0.525200 0.174525 -0.342526
0.623150 0.083650 -0.371552
0.474960 0.154740 -0.367427
0.596200 0.095133 -0.367150
0.433817 0.176108 -0.356856
0.657500 0.100800 -0.370605
0.413633 0.214911 -0.351300
0.503400 0.130900 -0.370300
0.643667 0.095200 -0.369929
0.544800 0.154900 -0.351459
0.485825 0.188325 -0.348599
0.607400 0.195533 -0.325200
0.463800 0.170500 -0.360794
0.533533 0.254800 -0.331596
0.524857 0.246300 -0.335301
0.484525 0.234550 -0.333540
0.594820 0.155380 -0.346097
0.594400 0.113440 -0.361383
0.526000 0.140700 -0.360306
0.614067 0.146567 -0.348200
0.611467 0.235033 -0.315633
0.456933 0.242367 -0.339534
0.605520 0.076020 -0.377118
0.446800 0.209400 -0.339706
0.606200 0.088850 -0.369499
0.464883 0.206483 -0.338582
0.660900 0.210100 -0.328995
0.465100 0.226067 -0.332814
0.474333 0.224933 -0.332883
0.644233 0.083100 -0.371333
0.585350 0.234700 -0.317978
0.615700 0.245133 -0.316635
0.447340 0.232900 -0.338818
0.484940 0.125550 -0.377840
0.537500 0.232100 -0.329895
0.485015 0.135131 -0.372868
0.524510 0.124790 -0.366878
0.445182 0.194536 -0.346264
0.468500 0.169800 -0.359894
0.564186 0.064771 -0.382313
0.517925 0.253825 -0.338799
0.497850 0.179100 -0.348999
0.605933 0.244633 -0.316798
0.514800 0.122725 -0.370804
0.579300 0.078000 -0.378601
0.538350 0.257350 -0.329453
0.553463 0.205013 -0.321585
0.433310 0.225260 -0.341892
0.514120 0.161800 -0.351502
0.524555 0.104682 -0.374527
0.594267 0.245200 -0.317017
0.505480 0.255160 -0.341418
0.584350 0.123900 -0.357485
0.634625 0.173875 -0.334148
0.494343 0.225100 -0.334187
0.564380 0.275400 -0.320621
0.446200 0.171200 -0.360901
0.543467 0.171933 -0.341298
0.655600 0.134000 -0.356301
0.492500 0.182400 -0.350556
0.433775 0.235917 -0.345048
0.574233 0.181800 -0.332169
0.524678 0.074567 -0.386664
0.584833 0.215833 -0.319087
