-0.801650 -0.150200 0.247200
-0.810500 -0.137400 0.022797
-0.796500 -0.139200 0.106948
-0.808700 -0.136800 0.028702
-0.814367 -0.145233 -0.015198
-0.812400 -0.130800 0.361404
-0.756300 -0.422500 -0.235100
-0.804967 -0.137833 0.353765
-0.812850 -0.138200 0.014901
-0.812100 -0.144300 0.333206
-0.766100 -0.417700 -0.213801
-0.761233 -0.423733 -0.222066
-0.805450 -0.134250 0.075149
-0.756800 -0.420800 -0.244049
-0.791600 -0.143700 0.164757
-0.763550 -0.425550 -0.216698
-0.798200 -0.133900 0.367401
-0.802633 -0.117733 0.378438
-0.767100 -0.421000 -0.235107
-0.797200 -0.131400 0.374207
-0.807767 -0.128433 0.367198
-0.761500 -0.417400 -0.222504
-0.802900 -0.147050 0.322151
-0.805950 -0.135200 0.054794
-0.823400 -0.155000 -0.047302
-0.796300 -0.125933 0.376267
-0.803700 -0.142100 0.343903
-0.810700 -0.131000 0.077805
-0.798667 -0.151933 0.285395
-0.806333 -0.135700 0.044729
-0.804433 -0.136367 0.114471
-0.794700 -0.146900 0.380203
-0.769150 -0.413100 -0.208252
-0.807500 -0.148800 0.305099
-0.796600 -0.136000 0.359406
-0.769400 -0.436100 -0.218307
-0.807800 -0.136450 0.034699
-0.757050 -0.424950 -0.227627
-0.799500 -0.137000 0.080597
-0.805400 -0.134633 0.064967
-0.798450 -0.151350 0.296997
-0.814500 -0.138700 0.008896
-0.795675 -0.141800 0.156025
-0.811450 -0.133600 0.113503
-0.813000 -0.135200 0.354752
-0.817550 -0.148900 -0.025101
-0.808500 -0.148550 0.315102
-0.804633 -0.133267 0.362971
-0.811800 -0.139500 0.347198
-0.757650 -0.434550 -0.222702
-0.800350 -0.138600 0.136856
-0.813800 -0.118400 0.375702
-0.785200 -0.152900 0.376297
-0.803500 -0.135733 0.094864
-0.796200 -0.146850 0.204994
-0.804020 -0.124020 0.373541
-0.793150 -0.146650 0.195397
-0.815400 -0.145100 0.329803
-0.794700 -0.141150 0.144150
-0.814500 -0.114200 0.380600
-0.802800 -0.136600 0.103745
-0.805150 -0.134550 0.383751
-0.760000 -0.416900 -0.228897
-0.820700 -0.154200 -0.039200
-0.761400 -0.431800 -0.221100
-0.797750 -0.139050 0.115501
-0.794350 -0.149600 0.226753
-0.813700 -0.143300 -0.005104
-0.770900 -0.431900 -0.213898
-0.776233 -0.403900 -0.195867
-0.804200 -0.112500 0.380203
-0.792700 -0.149800 0.215230
-0.793825 -0.145250 0.184650
-0.807800 -0.143150 0.338501
-0.804700 -0.150500 0.255203
-0.803750 -0.135450 0.086273
-0.815600 -0.140400 0.344101
-0.808900 -0.137700 0.375900
-0.796600 -0.152900 0.254799
-0.811450 -0.124400 0.367599
