0.113657 0.241286 0.331144
0.076500 0.213745 0.344418
0.069900 0.211300 0.340195
0.093869 0.228075 0.338074
0.084893 0.094856 0.384991
0.124967 -0.144806 0.365242
0.083764 0.156031 0.368897
0.072760 0.339060 0.218780
0.084136 0.215544 0.347008
0.074583 0.145965 0.368521
0.144902 0.204736 0.354322
0.134844 0.134958 0.376323
0.145243 0.215490 0.344247
0.085398 0.144202 0.371594
0.074336 0.175608 0.357341
0.127000 0.156850 0.369720
0.148500 0.219400 0.339600
0.095485 0.232333 0.333725
0.074537 0.115040 0.378341
0.108243 -0.131900 0.370562
0.134642 -0.136312 0.368760
0.124937 0.166894 0.369180
0.084951 0.124945 0.377456
0.104992 0.211192 0.350876
0.084893 0.104988 0.383144
0.149400 0.209200 0.349594
0.145009 0.135042 0.376973
0.145429 0.152088 0.371314
0.114798 -0.125077 0.373722
0.145994 -0.157875 0.358569
0.174803 0.194794 0.355739
0.174979 0.183411 0.360726
0.135300 0.226156 0.336184
0.174725 0.187638 0.359266
0.085981 0.183646 0.360777
0.074632 0.228363 0.328411
0.071125 0.167988 0.359037
0.118600 -0.160200 0.360001
0.135527 -0.131655 0.370618
0.145000 0.196806 0.359241
0.114896 0.234863 0.335025
0.135195 0.175419 0.366986
0.095091 0.114210 0.381351
0.125461 0.237833 0.327693
0.115225 -0.137221 0.369120
0.114570 0.154955 0.374280
0.095064 0.223111 0.343539
0.115032 0.185123 0.363234
0.124727 -0.125206 0.373030
0.094838 0.184854 0.362357
0.175447 0.202805 0.351705
0.130800 0.162900 0.370246
0.104844 0.124856 0.378106
0.114789 0.134860 0.375592
0.084615 0.226391 0.334939
0.126004 0.227332 0.337623
0.097320 0.190820 0.360382
0.124814 -0.136759 0.369029
0.114774 -0.165235 0.356764
0.081900 0.208800 0.349238
0.106209 -0.054149 0.391084
0.114979 -0.154649 0.362246
0.086225 0.222150 0.342580
0.074936 0.124926 0.375745
0.165115 0.184755 0.361957
0.076393 0.141680 0.370561
0.104795 0.234300 0.334898
0.105030 0.224470 0.343462
0.094749 0.195267 0.357800
0.088300 0.231100 0.331055
0.134421 0.221621 0.341005
0.094923 0.094939 0.386077
0.124775 -0.131937 0.370676
0.104713 -0.144926 0.364722
0.074763 0.154682 0.365602
0.094428 0.237055 0.325902
0.081625 0.229200 0.329224
0.102200 0.228920 0.339279
0.076096 0.203374 0.351778
0.134809 0.144900 0.372752
0.064591 0.194934 0.346220
0.114754 0.224410 0.342936
0.115007 0.162678 0.370778
0.104889 0.134951 0.376318
0.094800 -0.107550 0.380401
0.085068 0.194974 0.356963
0.074845 0.134852 0.372258
0.125596 0.164008 0.370888
0.114727 -0.132500 0.370823
0.069400 0.190300 0.350296
0.083283 0.186878 0.359100
0.066178 0.203878 0.343349
0.135190 0.215605 0.345230
0.084974 0.174798 0.363688
0.079325 0.111975 0.380321
0.144813 0.211237 0.350653
0.083805 0.117975 0.379540
0.175048 0.214839 0.344365
0.123657 -0.107943 0.379722
0.115156 -0.065225 0.389062
0.105519 0.166854 0.369208
0.105753 0.192235 0.360658
0.084904 0.235372 0.324969
0.114921 -0.144962 0.365951
0.095061 0.174880 0.366759
0.115145 0.144867 0.374529
0.124268 0.233148 0.332929
0.104926 -0.114723 0.375575
0.097044 0.161689 0.370678
0.081625 0.147775 0.369411
0.125329 -0.103900 0.380503
0.087500 0.152619 0.370869
0.134543 0.156180 0.368900
0.115100 0.216291 0.347916
0.104836 0.144730 0.375320
0.105871 -0.152808 0.361401
0.094770 0.104851 0.384237
0.109100 0.230100 0.340195
0.084860 0.134821 0.373624
0.134935 -0.153077 0.361670
0.104841 0.184961 0.362852
0.164554 0.206423 0.348027
0.073452 0.217122 0.336909
0.155131 0.185369 0.363191
0.174387 0.207569 0.348506
0.104715 -0.065315 0.388070
0.174728 0.175119 0.363496
0.095335 0.217720 0.348740
0.094906 0.144743 0.374571
0.073396 0.206850 0.346970
0.144760 -0.145080 0.365222
0.114415 0.191546 0.360585
0.124680 -0.153250 0.361340
0.084933 0.084800 0.386598
0.124841 -0.165002 0.357084
0.109600 0.154300 0.380005
0.165436 0.201500 0.350911
0.125054 0.174866 0.368502
0.134826 0.184795 0.363578
0.118700 0.239200 0.328453
0.155408 0.206721 0.347999
0.104861 0.094833 0.386714
0.043605 -0.353616 0.202792
0.062885 0.207485 0.338434
0.091300 0.189800 0.359604
0.144762 0.224910 0.336482
0.105035 0.174780 0.366622
0.165137 0.191100 0.361199
0.164855 0.195932 0.356014
0.094857 0.204775 0.354146
0.104806 0.204817 0.354038
0.134956 0.164842 0.367281
0.154893 0.144973 0.374072
0.155115 0.153004 0.371364
0.085535 0.113794 0.381024
0.123997 0.153883 0.371181
0.095507 0.241660 0.321155
0.094857 0.134812 0.375634
0.102116 -0.056789 0.389273
0.124257 0.222691 0.342197
0.104316 0.246912 0.317897
0.124822 0.184883 0.364401
0.105008 0.104966 0.384463
0.114829 0.104937 0.384825
0.065391 0.183242 0.351642
0.104912 0.216303 0.348360
0.064964 0.114918 0.377700
0.125100 -0.115254 0.377290
0.145305 0.184787 0.363572
0.095057 0.154928 0.372510
0.164684 0.174995 0.363452
0.103721 0.162675 0.370584
0.144795 0.145137 0.373885
0.153521 0.192093 0.360829
0.124838 0.135012 0.375874
0.074975 0.223116 0.332381
0.144958 0.164774 0.366757
0.094266 0.165389 0.368967
0.101400 0.239140 0.327963
0.094396 0.212829 0.351121
0.134964 -0.114711 0.376712
0.084840 0.164990 0.366992
0.105812 0.241940 0.323748
0.066590 0.221270 0.331009
0.075335 0.164202 0.363134
0.105233 -0.124562 0.373484
0.070000 0.139800 0.369904
0.115082 0.167373 0.369256
0.154775 0.164975 0.366862
0.064489 0.225743 0.327479
0.098700 0.351250 0.210350
0.074660 0.184769 0.354991
0.094967 0.119067 0.379722
0.154803 0.214611 0.343257
0.124933 -0.158147 0.359326
0.144611 0.156744 0.368934
0.125073 0.144806 0.373011
