-0.802633 -0.117733 0.378438
-0.811800 -0.139500 0.347198
-0.811450 -0.124400 0.367599
-0.773300 -0.083933 0.380498
-0.804020 -0.124020 0.373541
-0.804967 -0.137833 0.353765
-0.804633 -0.133267 0.362971
-0.815233 -0.115867 -0.414668
-0.852500 0.273600 0.173546
-0.816800 -0.196650 -0.403000
-0.812400 -0.130800 0.361404
-0.802900 -0.147050 0.322151
-0.856050 0.303350 0.073898
-0.807767 -0.128433 0.367198
-0.804700 -0.150500 0.255203
-0.816550 0.034300 0.371956
-0.801650 -0.150200 0.247200
-0.794350 -0.149600 0.226753
-0.797650 -0.149800 0.236748
-0.796600 -0.152900 0.254799
-0.797700 -0.152700 0.264297
-0.798450 -0.152400 0.273796
-0.798667 -0.151933 0.285395
-0.807500 -0.148800 0.305099
-0.798600 -0.151100 0.304092
-0.798200 -0.133900 0.367401
-0.815400 -0.145100 0.329803
-0.812100 -0.144300 0.333206
-0.813000 -0.135200 0.354752
-0.807800 -0.143150 0.338501
-0.796600 -0.136000 0.359406
-0.796300 -0.125933 0.376267
-0.797200 -0.131400 0.374207
-0.835250 -0.196550 -0.403351
-0.885100 0.294150 -0.055748
-0.839700 0.231700 0.236206
-0.745700 -0.134367 0.374135
-0.824900 -0.125233 -0.414169
-0.846080 0.224160 0.244684
-0.853200 0.217200 0.228103
-0.854550 0.213150 0.233155
-0.847267 0.214600 0.236399
-0.848450 0.235850 0.225001
-0.857300 0.289700 0.076202
-0.816500 -0.173633 0.376567
-0.843167 0.184333 0.285101
-0.781400 -0.094700 0.381150
-0.837433 -0.114467 -0.414668
-0.854833 0.227600 0.213999
-0.822700 -0.166700 -0.409195
-0.823133 -0.014733 0.376963
-0.849200 -0.105300 -0.414795
-0.860600 -0.115050 -0.414650
-0.852500 0.221400 0.223305
-0.846000 0.250300 0.210693
-0.823157 -0.004700 0.376129
-0.908300 0.290700 0.033699
-0.813700 -0.095150 0.385525
-0.849700 0.237700 0.206497
-0.848750 -0.096650 -0.414650
-0.819700 -0.025433 0.379364
-0.855433 0.311500 0.035370
-0.845150 -0.156050 -0.411156
-0.859100 -0.125500 -0.414098
-0.813500 -0.161000 -0.410004
-0.855600 0.303500 0.082947
0.466520 -0.024627 -0.284961
-0.775900 -0.107900 0.379898
-0.845700 0.220800 0.251999
-0.855833 0.312133 0.005432
-0.863533 0.225333 0.214930
-0.855100 0.297350 0.046654
-0.775100 -0.154725 0.373997
-0.816975 -0.075600 0.385025
-0.855575 0.296925 0.096497
-0.851400 0.260300 0.193802
-0.856350 0.311100 0.015198
-0.856233 0.297367 0.035538
-0.856900 0.311650 0.024254
-0.813250 -0.183600 -0.405800
0.465635 -0.025394 -0.274783
-0.848633 -0.115800 -0.414566
-0.826550 -0.115200 -0.414795
-0.839900 0.256900 0.195206
-0.808900 -0.137700 0.375900
-0.856950 0.314550 -0.025246
-0.905150 0.290900 -0.064850
-0.875000 0.295550 -0.055855
-0.849767 0.243867 0.214666
-0.852900 0.310900 0.044098
-0.875567 0.291833 0.052765
-0.872650 0.293650 0.043999
-0.895300 0.293300 0.023148
-0.896933 0.291867 0.034968
-0.885750 0.293000 0.036201
-0.873533 0.297267 0.005295
-0.881733 0.295633 0.015106
-0.871100 0.296850 0.016548
-0.863533 0.298733 0.004664
-0.855600 0.303225 0.006275
-0.861250 0.298400 0.015702
-0.855725 0.303575 0.015224
-0.878450 0.294950 0.026298
-0.868750 0.296400 0.025398
-0.859050 0.297900 0.024498
-0.855725 0.303875 0.024200
-0.855833 0.304333 0.035466
-0.906000 0.290200 0.040604
-0.902950 0.289550 0.047356
-0.882500 0.292300 0.045097
-0.866650 0.292150 0.056999
-0.862033 0.294833 0.045136
-0.856350 0.304925 0.046746
-0.847817 0.225167 0.236219
-0.805150 -0.134550 0.383751
-0.863667 0.283333 0.095337
-0.854350 0.294475 0.105350
-0.825750 -0.215650 -0.397904
-0.853875 0.292275 0.114399
-0.837400 -0.161000 -0.410507
-0.851100 0.253475 0.195824
-0.850900 0.243533 0.196197
-0.850550 0.251400 0.205048
-0.849200 0.255400 0.202393
-0.850275 0.244400 0.204647
-0.850300 0.247000 0.211807
-0.778700 0.247300 0.195206
-0.797000 0.018700 0.369904
-0.853575 0.234225 0.205223
-0.849275 0.235625 0.213451
-0.848450 0.229000 0.217598
-0.847100 0.241900 0.222450
-0.848267 0.225650 0.226118
-0.766333 0.244867 0.195664
-0.756300 0.240600 0.200897
-0.845650 0.205325 0.253799
-0.862700 -0.163250 0.379555
-0.791400 -0.102200 0.382294
-0.848500 0.234000 0.234406
-0.855325 0.203000 0.245022
-0.846625 0.214000 0.244904
-0.846433 0.205900 0.245331
-0.846575 0.214350 0.254475
-0.846100 0.212300 0.261505
-0.846000 0.197867 0.254435
-0.836700 0.210100 0.262802
-0.804860 -0.184720 0.377197
-0.838200 0.206300 0.268005
-0.832800 0.197100 0.275208
-0.824450 -0.202500 -0.401596
-0.827967 -0.155267 -0.411199
-0.796200 -0.094767 0.383967
-0.825700 0.032650 0.374207
-0.821467 -0.004900 0.384064
-0.802100 0.014800 0.372803
-0.794850 0.024300 0.368546
-0.820400 -0.015000 0.384094
-0.799000 -0.087200 0.384598
-0.788900 -0.035800 0.379097
-0.764233 -0.034300 0.375463
-0.815300 -0.065267 0.385666
-0.787400 -0.107700 0.381005
-0.783150 -0.115000 0.379700
-0.770800 -0.091300 0.380005
-0.768750 -0.096900 0.379600
-0.778550 -0.102350 0.380600
-0.764867 -0.106133 0.378769
-0.761300 -0.115100 0.377999
-0.846000 -0.134400 -0.413651
-0.834233 -0.134867 -0.413528
-0.848200 -0.162900 -0.410202
-0.818100 -0.176200 -0.407547
-0.824700 -0.194250 -0.403801
-0.820000 -0.207800 -0.399994
0.474640 -0.022480 -0.271738
-0.793600 -0.497650 -0.024002
-0.782500 -0.206400 0.364197
-0.805800 -0.173700 0.380005
-0.757033 -0.123733 0.377029
-0.811700 -0.137900 0.382401
-0.806550 -0.145100 0.383503
-0.806567 -0.176900 0.377401
-0.755650 -0.135050 0.375549
0.474783 -0.004475 -0.294659
0.473944 -0.005233 -0.284411
0.471479 -0.014521 -0.295650
0.469200 -0.019000 -0.291199
0.812000 0.094167 -0.384634
0.614850 0.224350 -0.314774
0.626150 0.225200 -0.315254
0.632575 0.205000 -0.325329
-0.965400 0.249000 -0.186752
0.813600 0.084500 -0.384346
-0.764233 -0.034300 0.375463
0.466520 -0.024627 -0.284961
-0.837433 -0.114467 -0.414668
-0.826550 -0.115200 -0.414795
-0.797200 -0.131400 0.374207
-0.811450 -0.124400 0.367599
-0.823133 -0.014733 0.376963
-0.846100 0.212300 0.261505
-0.796300 -0.125933 0.376267
-0.787400 -0.107700 0.381005
0.474783 -0.004475 -0.294659
-0.846100 0.212300 0.261505
-0.849767 0.243867 0.214666
-0.863533 0.298733 0.004664
-0.813000 -0.135200 0.354752
-0.816500 -0.173633 0.376567
-0.832800 0.197100 0.275208
-0.837433 -0.114467 -0.414668
-0.791400 -0.102200 0.382294
-0.773300 -0.083933 0.380498
-0.859100 -0.125500 -0.414098
-0.811700 -0.137900 0.382401
-0.866650 0.292150 0.056999
-0.811800 -0.139500 0.347198
-0.805150 -0.134550 0.383751
-0.856950 0.314550 -0.025246
-0.755650 -0.135050 0.375549
-0.811700 -0.137900 0.382401
-0.856350 0.304925 0.046746
-0.773300 -0.083933 0.380498
-0.846433 0.205900 0.245331
-0.824900 -0.125233 -0.414169
-0.852900 0.310900 0.044098
-0.878450 0.294950 0.026298
-0.838200 0.206300 0.268005
-0.761300 -0.115100 0.377999
-0.815300 -0.065267 0.385666
-0.850300 0.247000 0.211807
-0.819700 -0.025433 0.379364
0.473944 -0.005233 -0.284411
-0.775900 -0.107900 0.379898
-0.794350 -0.149600 0.226753
-0.796200 -0.094767 0.383967
-0.837400 -0.161000 -0.410507
-0.856350 0.304925 0.046746
-0.775900 -0.107900 0.379898
-0.797000 0.018700 0.369904
-0.822700 -0.166700 -0.409195
-0.797650 -0.149800 0.236748
-0.797200 -0.131400 0.374207
-0.871100 0.296850 0.016548
-0.906000 0.290200 0.040604
-0.797700 -0.152700 0.264297
-0.782500 -0.206400 0.364197
-0.856233 0.297367 0.035538
0.812000 0.094167 -0.384634
0.471479 -0.014521 -0.295650
-0.802900 -0.147050 0.322151
-0.836700 0.210100 0.262802
-0.855325 0.203000 0.245022
-0.804967 -0.137833 0.353765
-0.848200 -0.162900 -0.410202
-0.848267 0.225650 0.226118
0.614850 0.224350 -0.314774
-0.798200 -0.133900 0.367401
-0.825700 0.032650 0.374207
-0.855325 0.203000 0.245022
0.473944 -0.005233 -0.284411
-0.834233 -0.134867 -0.413528
-0.802100 0.014800 0.372803
-0.813500 -0.161000 -0.410004
-0.853875 0.292275 0.114399
-0.837400 -0.161000 -0.410507
-0.823133 -0.014733 0.376963
-0.846433 0.205900 0.245331
-0.788900 -0.035800 0.379097
-0.778550 -0.102350 0.380600
-0.797200 -0.131400 0.374207
-0.805800 -0.173700 0.380005
-0.875567 0.291833 0.052765
-0.856350 0.311100 0.015198
-0.855600 0.303500 0.082947
-0.770800 -0.091300 0.380005
-0.768750 -0.096900 0.379600
-0.836700 0.210100 0.262802
-0.849767 0.243867 0.214666
0.813600 0.084500 -0.384346
0.465635 -0.025394 -0.274783
-0.827967 -0.155267 -0.411199
0.632575 0.205000 -0.325329
-0.860600 -0.115050 -0.414650
-0.846080 0.224160 0.244684
-0.846000 -0.134400 -0.413651
-0.804967 -0.137833 0.353765
0.465635 -0.025394 -0.274783
-0.863533 0.298733 0.004664
-0.847100 0.241900 0.222450
0.626150 0.225200 -0.315254
-0.797200 -0.131400 0.374207
-0.806550 -0.145100 0.383503
-0.845700 0.220800 0.251999
-0.804967 -0.137833 0.353765
0.466520 -0.024627 -0.284961
-0.908300 0.290700 0.033699
-0.872650 0.293650 0.043999
-0.783150 -0.115000 0.379700
-0.902950 0.289550 0.047356
-0.820000 -0.207800 -0.399994
-0.807800 -0.143150 0.338501
-0.804700 -0.150500 0.255203
0.474640 -0.022480 -0.271738
-0.816550 0.034300 0.371956
-0.811450 -0.124400 0.367599
-0.798200 -0.133900 0.367401
-0.885100 0.294150 -0.055748
-0.805800 -0.173700 0.380005
-0.868750 0.296400 0.025398
-0.826550 -0.115200 -0.414795
-0.815233 -0.115867 -0.414668
0.614850 0.224350 -0.314774
-0.848500 0.234000 0.234406
-0.856350 0.304925 0.046746
-0.797000 0.018700 0.369904
-0.851400 0.260300 0.193802
-0.770800 -0.091300 0.380005
-0.755650 -0.135050 0.375549
-0.796600 -0.136000 0.359406
-0.862033 0.294833 0.045136
-0.804700 -0.150500 0.255203
-0.849275 0.235625 0.213451
-0.788900 -0.035800 0.379097
-0.849200 0.255400 0.202393
0.614850 0.224350 -0.314774
-0.882500 0.292300 0.045097
-0.860600 -0.115050 -0.414650
-0.783150 -0.115000 0.379700
-0.798667 -0.151933 0.285395
-0.855600 0.303500 0.082947
-0.837400 -0.161000 -0.410507
-0.846433 0.205900 0.245331
-0.818100 -0.176200 -0.407547
-0.846000 -0.134400 -0.413651
-0.796600 -0.136000 0.359406
-0.855600 0.303500 0.082947
-0.820400 -0.015000 0.384094
-0.764233 -0.034300 0.375463
-0.839700 0.231700 0.236206
-0.778700 0.247300 0.195206
-0.815400 -0.145100 0.329803
-0.816500 -0.173633 0.376567
-0.802633 -0.117733 0.378438
-0.847267 0.214600 0.236399
