-0.793775 -0.254650 0.353676
-0.779150 -0.354900 0.292206
-0.821900 0.129500 0.326706
0.835400 0.175700 -0.376953
-0.779100 -0.323900 0.317307
-0.787500 -0.268100 0.348602
0.802400 0.143550 -0.381698
0.820000 0.153500 -0.380402
-0.784150 -0.314950 0.322250
-0.776600 -0.282000 0.336899
-0.794600 -0.284600 0.337501
0.835800 0.167350 -0.378448
0.824250 0.164800 -0.378601
-0.770400 -0.315800 0.317200
-0.797000 -0.318400 0.317993
-0.786425 -0.306475 0.326328
-0.785350 -0.343200 0.301598
0.813300 0.162350 -0.378899
-0.815500 0.054000 0.363297
-0.804400 -0.324000 0.314453
0.804900 0.115750 -0.384102
-0.775400 -0.309100 0.322601
-0.793075 -0.274800 0.343624
-0.783900 -0.362600 0.283248
-0.785800 -0.249500 0.359100
0.817400 0.157000 -0.379807
-0.814500 -0.014650 0.386154
-0.743800 -0.054600 0.375732
-0.779050 -0.365050 0.284645
-0.767100 -0.301000 0.322403
-0.795267 -0.304667 0.326101
-0.783600 -0.347350 0.297001
-0.794850 -0.234525 0.361504
-0.788200 -0.282000 0.341797
0.794850 0.146200 -0.381401
-0.795100 -0.324475 0.313576
-0.785060 -0.336900 0.305637
-0.784260 -0.325400 0.314700
-0.795500 -0.312800 0.321198
-0.787500 -0.316500 0.318954
-0.782550 -0.332350 0.310600
-0.760400 -0.293600 0.322998
-0.750200 -0.329500 0.298096
-0.797800 -0.299400 0.329300
-0.793050 -0.295250 0.331596
-0.787933 -0.295400 0.332865
-0.777700 -0.295900 0.330505
-0.784500 -0.276100 0.343994
-0.761200 -0.280600 0.330200
0.795850 0.154550 -0.380547
0.807950 0.153000 -0.380348
0.824933 0.145933 -0.381231
0.813800 0.143700 -0.381470
0.812200 0.125200 -0.383346
0.816300 0.115500 -0.383866
0.818200 0.136400 -0.382294
0.824750 0.135600 -0.382347
0.818900 0.107500 -0.384094
0.968700 -0.036000 -0.353302
0.822500 0.095600 -0.384232
0.802400 0.143550 -0.381698
-0.797000 -0.318400 0.317993
-0.770400 -0.315800 0.317200
0.816300 0.115500 -0.383866
0.818200 0.136400 -0.382294
-0.776600 -0.282000 0.336899
0.812200 0.125200 -0.383346
0.835400 0.175700 -0.376953
-0.787500 -0.268100 0.348602
-0.784500 -0.276100 0.343994
0.804900 0.115750 -0.384102
-0.767100 -0.301000 0.322403
-0.760400 -0.293600 0.322998
0.794850 0.146200 -0.381401
0.804900 0.115750 -0.384102
0.813800 0.143700 -0.381470
-0.787500 -0.316500 0.318954
0.817400 0.157000 -0.379807
0.818900 0.107500 -0.384094
0.813300 0.162350 -0.378899
0.802400 0.143550 -0.381698
-0.761200 -0.280600 0.330200
0.794850 0.146200 -0.381401
-0.743800 -0.054600 0.375732
-0.793775 -0.254650 0.353676
-0.787500 -0.316500 0.318954
-0.785800 -0.249500 0.359100
0.795850 0.154550 -0.380547
-0.770400 -0.315800 0.317200
-0.795267 -0.304667 0.326101
-0.779100 -0.323900 0.317307
-0.779150 -0.354900 0.292206
0.816300 0.115500 -0.383866
-0.794600 -0.284600 0.337501
