0.054804 -0.386523 0.124685
0.041629 -0.401157 0.044340
0.116967 0.229017 0.339299
0.045395 -0.388490 0.125532
0.104795 0.234300 0.334898
0.126090 0.211310 0.351077
0.094266 0.165389 0.368967
-0.022060 -0.380580 0.153137
0.095061 0.174880 0.366759
0.046505 -0.398553 0.045358
0.084840 0.164990 0.366992
0.058400 -0.338975 0.208023
-0.025575 -0.392521 0.114894
-0.024681 -0.343081 0.213951
0.056400 -0.347694 0.197388
0.136300 0.197630 0.359198
0.025048 -0.381604 0.154952
0.075335 0.164202 0.363134
0.015342 -0.343375 0.220776
0.094749 0.195267 0.357800
-0.025891 -0.347761 0.206487
0.004276 -0.395704 0.105333
0.087500 0.152619 0.370869
-0.023808 -0.352023 0.202175
0.075788 -0.377292 0.125700
0.024768 -0.395065 0.105261
0.114415 0.191546 0.360585
0.025719 -0.399231 0.085483
0.114754 0.224410 0.342936
0.065044 -0.386674 0.104888
-0.023908 -0.371275 0.172541
-0.015320 -0.344930 0.215204
0.031700 -0.390300 0.131195
-0.035726 -0.388270 0.125048
0.104841 0.184961 0.362852
0.015150 -0.403770 0.055019
0.051400 -0.370850 0.160553
-0.034138 -0.372019 0.164653
0.015240 -0.403564 0.045505
0.051400 -0.400100 0.071106
-0.015300 -0.340100 0.220901
0.033300 -0.400400 0.081207
0.073396 0.206850 0.346970
-0.012900 -0.380100 0.160599
0.065760 -0.375624 0.135067
0.124822 0.184883 0.364401
0.055026 -0.396935 0.075048
0.074975 0.223116 0.332381
0.114896 0.234863 0.335025
0.105035 0.174780 0.366622
-0.004767 -0.340200 0.220962
0.041450 -0.390150 0.121254
0.114864 0.205136 0.354364
0.081343 -0.380629 0.112385
-0.015556 -0.367128 0.185344
0.015012 -0.402960 0.064359
-0.025140 -0.374856 0.165035
0.005252 -0.384890 0.155233
0.015776 -0.327638 0.228237
0.034570 -0.383109 0.144722
0.047500 -0.369433 0.168330
0.039900 -0.379400 0.149902
0.067720 -0.378660 0.128378
0.035150 -0.326533 0.226983
0.059800 -0.389900 0.098694
0.061050 -0.391750 0.084137
0.025900 -0.402954 0.024915
0.095057 0.154928 0.372510
-0.014604 -0.362168 0.194095
0.039400 -0.349800 0.209106
0.134458 0.194135 0.361061
0.125054 0.174866 0.368502
0.022750 -0.341625 0.220375
-0.035212 -0.384448 0.134533
0.044617 -0.385479 0.135321
0.048350 -0.399900 0.060249
0.073452 0.217122 0.336909
0.015349 -0.334616 0.223447
-0.004950 -0.386903 0.145000
0.115145 0.144867 0.374529
0.023978 -0.371711 0.181936
0.115032 0.185123 0.363234
-0.025670 -0.338640 0.218581
0.024133 -0.356057 0.205622
0.095064 0.223111 0.343539
0.005078 -0.389456 0.138300
0.003952 -0.393848 0.114981
0.004310 -0.345897 0.216400
0.105812 0.241940 0.323748
0.025511 -0.385204 0.144972
0.061483 -0.360767 0.171951
0.034623 -0.344713 0.213866
0.063380 -0.341200 0.201881
0.001417 -0.399517 0.074852
0.044990 -0.366969 0.175054
0.046453 -0.389420 0.116919
0.085068 0.194974 0.356963
0.025990 -0.403265 0.064682
0.091300 0.189800 0.359604
0.065124 -0.365840 0.154386
0.015235 -0.384480 0.155043
0.153745 0.202318 0.353067
0.034308 -0.401668 0.074417
0.058400 -0.359225 0.178322
0.026146 -0.403526 0.054240
0.065424 -0.356280 0.175864
0.045317 -0.375967 0.154912
-0.016112 -0.377427 0.165192
-0.004637 -0.356463 0.205141
-0.015800 -0.349475 0.209301
0.025837 -0.403823 0.035366
0.086225 0.222150 0.342580
