-0.755267 0.237800 0.206197
-0.838300 -0.499550 -0.067154
-0.923650 0.286350 -0.083755
-0.745250 0.065300 -0.378147
-0.841300 -0.429100 -0.246307
-0.715500 0.210900 0.252899
-0.797300 -0.392700 0.254501
-0.789900 0.124900 0.321594
-0.850000 -0.300200 -0.362793
-0.715417 -0.064300 -0.411151
-0.624200 -0.457425 0.114349
-0.733433 -0.415500 -0.236338
-0.724025 -0.436575 0.175248
-0.793700 0.176900 0.282593
-0.853775 0.184275 0.265602
-0.845833 0.175767 0.276082
-0.902850 0.066100 -0.375602
-0.675650 -0.475200 -0.094101
-0.765433 -0.472667 -0.153269
-0.816600 -0.163833 0.378499
-0.721100 -0.459000 0.129898
-0.833600 0.127100 0.331894
-0.684683 -0.374950 0.254084
-0.680000 -0.469800 -0.116898
-0.735133 0.271367 0.164368
-0.855000 -0.144400 -0.412597
-0.696250 -0.393000 0.235123
-0.737250 0.288350 0.125351
-0.745050 0.150900 -0.331994
-0.837600 0.243700 0.217300
-0.784850 -0.471400 0.125107
-0.785250 -0.353050 0.291451
-0.826000 -0.394550 0.255501
-0.903200 0.272950 -0.143249
-0.814600 -0.469800 0.136200
-0.801500 0.061100 0.356094
-0.745900 -0.305400 0.313334
-0.685100 -0.424100 -0.225199
-0.822050 -0.499900 -0.042900
-0.839200 0.226300 -0.264801
-0.685475 -0.276000 -0.365173
-0.684825 -0.412475 -0.244346
-0.803075 -0.215375 0.366753
-0.684150 -0.067100 0.380096
-0.711800 -0.458300 0.128296
-0.676233 -0.095433 -0.414795
-0.794733 -0.425633 0.213267
-0.804800 0.225267 0.233602
-0.851600 -0.113550 0.383400
-0.675075 -0.386550 -0.276802
-0.624475 -0.426375 -0.215004
-0.873600 0.202067 0.243002
-0.781250 0.202800 0.253700
-0.865200 0.140900 -0.332794
-0.685000 -0.445333 -0.185165
-0.645200 -0.467025 -0.125500
-0.649600 -0.280600 -0.361099
-0.812150 -0.494800 0.046196
-0.908300 0.053100 0.350296
-0.654600 -0.470400 0.080795
-0.733450 -0.044650 0.373650
-0.653100 -0.346020 -0.316162
-0.867150 -0.034700 0.377953
-0.646100 -0.337233 0.286738
-0.716900 0.230800 -0.261200
-0.751300 0.120300 -0.350204
-0.743950 0.134950 -0.342548
-0.620900 -0.479700 -0.015035
-0.747400 0.206533 0.246333
-0.907550 0.025150 -0.392296
-0.873450 0.294700 -0.064850
-0.686075 -0.479000 -0.074249
-0.854750 -0.355500 -0.325905
-0.769050 -0.454075 0.175724
-0.762700 0.300400 0.062897
-0.722133 0.276933 0.155731
-0.713950 -0.294225 -0.352448
-0.793600 0.271400 0.154449
-0.770900 -0.431900 -0.213898
-0.756800 -0.420800 -0.244049
-0.747000 -0.448300 0.172806
-0.834650 -0.293000 0.334900
-0.775300 -0.356900 -0.318802
-0.912450 -0.005800 0.370697
-0.824900 -0.075967 -0.414235
-0.626500 -0.476000 0.045151
-0.784733 -0.475133 -0.145065
-0.706750 -0.338200 0.288849
-0.743600 0.271150 -0.193253
-0.925500 0.222000 -0.240005
-0.804100 0.210400 0.251099
-0.756000 0.085350 -0.368046
-0.655780 -0.314700 0.304501
-0.878500 0.290867 -0.085205
-0.742900 0.233167 -0.253098
-0.911100 0.073900 -0.371597
-0.761500 -0.417400 -0.222504
-0.835500 0.139800 -0.337204
-0.695075 0.134000 -0.352623
-0.815300 -0.035900 -0.410896
-0.665025 -0.184950 -0.401527
-0.734533 0.298767 -0.127630
-0.854800 -0.174650 -0.408195
-0.850900 0.276250 -0.174725
-0.710200 0.062600 0.350296
-0.875000 0.254500 0.164353
-0.752400 -0.472600 -0.141403
-0.764067 0.303367 0.045400
-0.753533 -0.286367 0.325032
-0.838100 -0.301600 0.330200
-0.724050 -0.274075 -0.363274
-0.724767 0.310600 0.046036
-0.733350 -0.085350 -0.408852
-0.842250 -0.495400 0.062652
-0.765000 0.165275 -0.316948
-0.775550 0.063900 -0.373024
-0.897000 -0.316650 0.325599
-0.914300 0.187100 -0.285645
-0.803900 -0.393650 0.254097
-0.734200 0.281600 0.142746
-0.892800 0.191600 0.252304
-0.694800 -0.484600 -0.016197
-0.928200 0.123100 -0.340698
-0.825450 -0.421600 -0.254547
-0.714700 -0.278900 0.328903
-0.871300 0.287800 -0.105247
-0.725267 -0.006333 -0.402364
-0.716180 -0.344540 0.283682
-0.724400 -0.461450 0.124154
-0.894775 0.213375 0.226322
-0.664350 -0.424350 -0.226296
-0.767600 -0.487350 0.065399
-0.675940 -0.407080 0.215161
-0.891500 -0.152300 -0.412598
-0.915533 0.064900 -0.375768
-0.854450 -0.204950 -0.401649
-0.914150 -0.064250 0.381203
-0.704350 -0.361300 -0.301796
-0.756900 0.290900 -0.142303
-0.862800 -0.115300 0.383797
-0.757033 -0.123733 0.377029
-0.666020 -0.185600 0.365942
-0.763100 0.270100 -0.190002
-0.696200 0.150400 -0.340805
-0.735780 -0.064860 -0.408356
-0.753933 -0.186233 0.366231
-0.773650 0.093800 -0.360497
-0.912750 0.033500 0.358246
-0.772900 0.288350 0.103645
-0.737050 0.301650 -0.115547
-0.830900 -0.496000 -0.083694
-0.745375 -0.067100 -0.406898
-0.763700 0.295667 -0.124303
-0.714067 0.315433 -0.036194
-0.828500 0.108000 -0.359695
-0.787200 -0.397800 0.247803
-0.826550 -0.115200 -0.414795
-0.846000 0.250300 0.210693
-0.871100 -0.123300 0.383499
-0.902967 -0.065500 0.381531
-0.821467 -0.004900 0.384064
-0.672600 -0.142500 -0.410202
-0.853800 0.125367 -0.345037
-0.677100 -0.369700 0.259201
-0.852100 0.281800 0.152802
-0.814800 -0.075267 -0.414602
-0.783800 -0.345700 -0.327453
-0.784900 -0.291800 -0.372498
-0.724600 0.064300 0.347900
-0.781600 0.077200 -0.366501
-0.724433 0.001733 -0.400935
-0.823000 -0.304600 -0.358704
-0.678200 -0.291100 0.320496
-0.814450 -0.375250 0.273327
-0.676350 -0.198000 -0.398551
-0.855100 -0.320500 -0.350998
-0.856000 -0.034767 -0.409032
-0.714333 0.245667 0.207403
-0.735500 -0.479400 -0.087494
-0.828650 -0.177200 0.376152
-0.859400 0.038300 -0.389603
-0.724160 0.135460 -0.346542
-0.724333 -0.467633 0.105301
-0.907567 0.005333 0.367899
-0.656600 -0.460500 0.112305
-0.704260 0.314860 0.025140
-0.852900 0.293167 -0.135137
-0.685940 -0.325260 -0.333661
-0.645767 -0.468800 0.083730
-0.841200 -0.451100 0.181793
-0.897500 0.008600 -0.397705
-0.865200 -0.378400 0.276398
-0.904600 0.116250 0.316452
-0.829100 -0.433000 -0.239197
-0.840200 0.157000 0.305801
-0.707200 -0.259000 0.339706
-0.928600 0.270700 -0.142899
-0.733667 0.061533 -0.381800
-0.837600 -0.491950 0.076499
-0.754000 0.052167 -0.381169
-0.775300 -0.370300 -0.310699
-0.878450 -0.033050 -0.408455
-0.866300 -0.264500 -0.381500
-0.731600 -0.374100 -0.287201
-0.753567 0.297733 -0.125036
-0.856150 0.066250 -0.378204
-0.898400 -0.210800 0.370407
-0.785750 -0.448300 0.175651
-0.904167 0.105467 0.323201
-0.715900 -0.451400 -0.170700
-0.805200 -0.314867 -0.351700
-0.903500 -0.241400 0.361099
-0.804933 -0.114600 -0.414861
-0.704050 -0.479050 -0.075149
-0.674580 -0.013100 -0.409097
-0.786267 -0.475500 0.114202
-0.875800 0.157200 -0.318405
-0.887700 0.197100 -0.277802
-0.853200 -0.294600 -0.366051
-0.842000 -0.488100 0.093597
-0.643367 -0.323733 -0.332535
-0.893467 0.035267 0.358368
-0.796733 -0.304433 -0.357371
-0.643400 -0.319900 0.299896
-0.894400 0.084900 0.335755
-0.724775 0.237325 0.215874
-0.725433 0.176067 -0.316401
-0.864650 -0.274700 0.345848
-0.906900 0.171600 0.271698
-0.836875 0.164775 -0.324078
-0.734620 0.235320 0.215701
-0.734540 0.034680 0.356979
-0.891733 -0.055700 0.380834
-0.897000 0.115950 -0.347794
-0.852833 0.283167 0.145365
-0.804950 -0.499000 -0.014649
-0.775500 0.182600 -0.300705
-0.696200 -0.445400 0.155052
-0.856333 0.299167 -0.044932
-0.857100 -0.244250 0.358406
-0.623967 -0.474400 -0.084737
-0.853325 0.267975 -0.174373
-0.664867 -0.377233 -0.287333
-0.816067 -0.286667 0.337398
-0.763950 -0.497475 -0.024025
-0.665050 -0.155500 0.372623
-0.744300 -0.174700 -0.398270
-0.734200 0.095260 0.333023
-0.815850 -0.244700 0.356353
-0.806450 -0.104850 -0.415451
-0.703667 0.096200 0.337733
-0.634833 -0.478000 0.036031
-0.652400 -0.449200 -0.177399
-0.664150 -0.284575 0.323902
-0.775550 -0.462100 0.145599
-0.734067 -0.315800 0.306335
-0.631600 -0.479800 -0.046097
-0.756200 -0.239900 0.348602
-0.896250 -0.266100 0.351501
-0.857300 0.289700 0.076202
-0.901500 0.230500 -0.231506
-0.793700 -0.417367 -0.255834
-0.792850 0.206550 -0.275803
-0.775400 0.197350 -0.287346
-0.741250 -0.244450 -0.376648
-0.695100 0.047200 0.358632
-0.858000 -0.349800 0.299896
-0.704180 0.204300 -0.293399
-0.654200 -0.436375 0.166473
-0.744533 -0.125200 0.375371
-0.884667 0.135233 -0.335068
-0.853275 0.258025 -0.196026
-0.790900 -0.311100 -0.352707
-0.680400 -0.301000 -0.350998
-0.794233 0.215100 -0.266266
-0.875950 -0.383450 0.272644
-0.893000 0.200400 0.242706
-0.903400 0.272700 0.113602
-0.675580 0.005320 -0.405499
-0.702900 -0.482250 -0.054054
-0.719100 -0.310200 0.310104
-0.665440 -0.315500 0.304239
-0.753050 -0.124800 -0.405151
-0.713300 -0.135867 -0.408768
-0.755600 0.216033 0.233938
-0.901550 -0.094150 0.383652
-0.734675 0.014725 -0.395901
-0.665367 -0.313133 -0.342300
-0.904300 -0.204850 0.372047
-0.912000 -0.008700 -0.402405
-0.743200 0.061300 -0.380203
-0.851950 -0.488150 0.097054
-0.713540 0.003880 0.370782
-0.845550 -0.375700 -0.307396
-0.881550 0.292350 -0.073952
-0.665200 -0.353900 0.273264
-0.743233 -0.225233 -0.384298
-0.873100 -0.356500 0.295700
-0.778800 -0.489400 0.059601
-0.675800 -0.440250 0.162003
-0.675325 -0.452425 0.135632
-0.870300 -0.058100 0.381393
-0.745267 0.312900 -0.015365
-0.654825 -0.441975 0.155197
-0.695533 -0.247767 -0.378830
-0.825200 0.014967 -0.398366
-0.707950 -0.237100 0.349052
-0.744940 0.287020 0.124964
-0.761350 0.310450 -0.024597
-0.740600 0.251200 0.192505
-0.685950 -0.462000 0.114449
-0.773300 -0.432025 0.204399
-0.714600 -0.254325 -0.374153
-0.786400 -0.015933 0.376236
-0.803400 -0.449500 -0.206802
-0.937700 0.090300 0.330002
-0.673600 -0.147333 -0.409500
-0.713425 -0.376200 -0.286572
-0.735450 -0.005000 0.366852
-0.943300 0.290200 -0.006798
-0.784150 0.226100 -0.254357
-0.694775 -0.163600 -0.406399
-0.825950 -0.490800 0.075401
-0.675000 -0.094800 0.379868
-0.857750 -0.466850 0.154701
-0.932150 -0.116500 0.383606
-0.795750 -0.368550 0.278495
-0.805700 -0.483050 -0.126602
-0.706300 -0.455575 0.134651
-0.825000 -0.486150 -0.123703
-0.715800 0.188250 -0.307899
-0.724575 -0.094100 0.376724
-0.808900 -0.137700 0.375900
-0.765320 0.155540 -0.324560
-0.871650 0.293800 -0.073845
-0.760000 -0.416900 -0.228897
-0.877650 0.278900 0.104546
-0.694675 -0.174975 -0.403728
-0.634850 -0.481200 -0.024650
-0.833967 -0.185100 0.374664
-0.654825 -0.373225 0.253925
-0.827800 -0.084950 0.383896
-0.806675 -0.244950 0.356174
-0.735475 0.106425 0.326256
-0.864233 -0.225333 0.365265
-0.636550 -0.480450 0.014649
-0.757650 -0.434550 -0.222702
-0.884050 0.274100 -0.146302
-0.784700 -0.397500 -0.278503
-0.845800 0.101500 -0.360596
-0.873300 0.247400 0.177902
-0.665050 -0.474817 -0.095383
-0.864900 0.203000 0.243393
-0.734800 -0.254033 -0.372498
-0.824300 -0.385600 0.264549
-0.874600 -0.264550 -0.381904
-0.674900 -0.306125 -0.347275
-0.847075 0.245925 -0.225448
-0.744025 0.283950 -0.165424
-0.875950 0.296250 -0.046799
-0.754200 0.296800 0.086132
-0.779700 0.032900 0.360306
-0.685200 -0.115300 -0.413534
-0.694950 -0.275650 -0.364746
-0.746000 0.312500 -0.035202
-0.724875 -0.216450 -0.388752
-0.716000 0.193067 -0.303167
-0.782867 -0.467033 0.135834
-0.725800 0.266733 -0.206401
-0.936800 0.166900 -0.304253
-0.725333 0.304900 0.074865
-0.923800 -0.045133 0.378565
-0.756100 0.114567 -0.352834
-0.735800 0.288850 -0.155899
-0.861000 0.295050 -0.073799
-0.844967 -0.254933 0.353500
-0.665000 -0.358100 0.269897
-0.684575 -0.483550 0.004276
-0.693000 0.054150 -0.390899
-0.866150 -0.355850 0.295952
-0.943200 0.282600 0.063995
-0.779500 -0.388300 0.258102
-0.706017 -0.045500 -0.411051
-0.827550 -0.500850 0.004654
-0.754333 0.311233 -0.004171
-0.752700 -0.295100 0.320099
-0.764550 -0.479450 -0.127198
-0.845800 -0.474500 0.134048
-0.784100 0.217200 0.239700
-0.665775 -0.154100 -0.408276
-0.934300 0.125900 0.307098
-0.744850 -0.185175 -0.395725
-0.854825 0.304950 -0.074127
-0.865600 0.106600 -0.356048
-0.704800 -0.279000 0.329300
-0.766233 0.282000 -0.164271
-0.857100 -0.471900 -0.175255
-0.906550 0.043550 -0.385498
-0.805300 -0.498750 -0.005356
-0.693500 -0.372800 -0.291146
-0.725450 0.309175 0.055927
-0.856650 -0.234650 0.361854
-0.714180 0.093860 -0.372339
-0.788633 -0.054900 0.380630
-0.794850 0.231950 0.223846
-0.836100 -0.391600 0.260300
-0.724425 0.044950 0.355053
-0.785000 0.290750 -0.134552
-0.771225 -0.414450 -0.263851
-0.854833 0.227600 0.213999
-0.791400 0.278700 0.134796
-0.828600 -0.302100 -0.360504
-0.794200 0.283500 0.122604
-0.942850 0.288300 -0.055198
-0.770000 -0.418300 -0.253601
-0.897600 0.190200 -0.284302
-0.817750 -0.491850 0.065254
-0.634833 -0.469233 0.077301
-0.765000 0.053200 0.352051
-0.754300 0.020600 -0.390900
-0.744367 0.035600 0.355698
-0.875900 0.161900 -0.314194
-0.925600 0.247100 0.168701
-0.863667 0.283333 0.095337
-0.833200 -0.254850 0.352852
-0.915450 0.277350 -0.125648
-0.862700 -0.163250 0.379555
-0.815300 -0.065267 0.385666
-0.817700 -0.260800 0.350006
-0.868550 -0.194950 -0.404350
-0.924000 0.114000 0.316353
-0.767100 -0.301000 0.322403
-0.873533 0.297267 0.005295
-0.814900 0.233200 0.223602
-0.826500 -0.385850 -0.295646
-0.892500 0.000000 -0.400406
-0.668000 -0.290400 0.320404
-0.834350 -0.153050 0.380295
-0.848267 0.225650 0.226118
-0.666200 -0.381850 -0.282104
-0.696250 -0.304350 -0.347801
-0.694620 0.194920 -0.305081
-0.763700 0.288850 -0.144852
-0.727550 -0.176750 -0.399696
-0.845700 0.002100 0.370193
-0.674875 -0.296825 0.317127
-0.765133 0.288333 0.104268
-0.874200 0.188150 0.258255
-0.833000 0.111200 0.341400
-0.704525 0.237650 -0.255978
-0.673700 -0.352933 0.274567
-0.693533 -0.094433 0.380101
-0.653900 -0.154325 0.372700
-0.645550 -0.474125 -0.093975
-0.809500 -0.205400 -0.400299
-0.784850 0.271500 -0.183044
-0.783800 -0.174900 0.374199
-0.811100 -0.135700 -0.413101
-0.775900 -0.107900 0.379898
-0.831900 -0.439900 0.197998
-0.771950 -0.401250 -0.282456
-0.694800 -0.416233 0.204493
-0.724257 0.115343 0.325184
-0.904150 0.015600 -0.395553
-0.695300 -0.427550 0.187256
-0.853925 0.283175 0.114174
-0.675275 -0.254325 -0.376648
-0.745067 -0.125667 -0.405970
-0.777000 -0.408150 0.235099
-0.735933 0.258667 0.185969
-0.652950 -0.256700 0.338402
-0.706950 0.181900 0.281502
-0.787500 -0.316500 0.318954
-0.856850 0.314150 -0.034202
-0.925400 0.072900 -0.371300
-0.714483 0.236133 -0.255282
-0.746100 0.156167 -0.328033
-0.769800 -0.446600 0.177002
-0.782850 0.241250 -0.234444
-0.726000 -0.469800 -0.116898
-0.932150 0.283600 -0.093445
-0.869400 -0.137650 -0.413498
-0.775050 -0.025150 0.375702
-0.864400 0.211000 0.233795
-0.725380 -0.005720 0.368820
-0.831600 0.064600 0.350899
-0.704650 0.309250 -0.094948
-0.894450 0.241850 0.183098
-0.845167 0.084700 0.338638
-0.745117 -0.035700 -0.404065
-0.875950 -0.026300 0.376297
-0.926400 0.044633 0.353129
-0.892050 0.124700 -0.342102
-0.704775 0.223525 -0.273022
-0.934200 0.267000 0.121399
-0.777900 -0.332200 -0.340607
-0.764800 0.013100 -0.390594
-0.722333 0.315033 -0.035934
-0.755800 -0.194733 0.363866
-0.824450 -0.467200 -0.175499
-0.723200 -0.323400 0.300804
-0.814800 -0.311200 0.323196
-0.795100 -0.324475 0.313576
-0.935933 0.202833 0.234232
-0.760000 -0.444900 -0.208099
-0.853500 0.014433 0.366531
-0.787200 0.183200 0.275604
-0.901850 -0.045800 0.379349
-0.868500 0.169800 -0.308197
-0.804000 -0.458900 -0.188705
-0.795850 -0.245575 0.356544
-0.842300 -0.016300 0.374802
-0.803150 -0.468450 0.136750
-0.715275 0.287875 -0.164150
-0.805250 -0.497800 0.013244
-0.684660 -0.124640 0.377698
-0.919200 0.093300 -0.360703
-0.724200 -0.483650 -0.054649
-0.694140 -0.065700 -0.413760
-0.734300 -0.430200 -0.211395
-0.831100 -0.419400 -0.258102
-0.863950 0.014200 -0.397247
-0.676160 -0.324880 -0.334302
-0.675240 -0.483420 -0.015198
-0.865450 -0.204700 0.371247
-0.700300 -0.064000 0.380096
-0.635225 -0.421400 -0.225727
-0.706333 0.196633 0.267929
-0.654533 -0.482917 -0.014567
-0.756433 0.213733 -0.273529
-0.814700 -0.446600 0.183349
-0.892150 0.258500 -0.183052
-0.878600 -0.002700 0.370804
-0.685020 -0.085320 0.380240
-0.804700 -0.440500 0.192398
-0.733650 -0.321650 0.302002
-0.858400 -0.076350 -0.414002
-0.899300 0.054200 -0.380997
-0.705540 -0.174440 0.368561
-0.783300 0.250200 -0.220596
-0.777200 0.003400 0.370102
-0.944600 0.210600 0.223206
-0.854900 -0.438050 0.205047
-0.864000 0.208100 -0.268647
-0.762250 -0.503750 -0.005699
-0.835850 -0.324900 0.315899
-0.706400 -0.084700 -0.413096
-0.775000 -0.268200 0.343201
-0.692800 0.080200 -0.380707
-0.856400 -0.475050 0.135651
-0.655767 -0.377633 -0.286097
-0.684600 -0.225000 -0.389038
-0.655850 -0.436075 -0.205223
-0.792300 0.227200 0.229507
-0.764500 0.055850 -0.377827
-0.903500 -0.033550 -0.408348
-0.918000 0.280850 0.082497
-0.809700 -0.479400 0.108200
-0.875600 0.231100 0.204193
-0.844900 -0.390400 0.262497
-0.703000 0.100300 -0.370697
-0.684533 -0.155333 -0.408366
-0.685500 -0.214375 0.357204
-0.863100 0.143200 0.300003
-0.725940 -0.375720 0.254501
-0.774633 0.293967 0.085302
-0.714933 -0.166500 0.369568
-0.836200 -0.405350 0.245255
-0.676367 -0.185400 0.366435
-0.725000 -0.371000 -0.291603
-0.875350 0.276100 0.113396
-0.827500 0.048500 -0.387299
-0.723700 0.295100 -0.145294
-0.882150 -0.135050 -0.413651
-0.695100 0.114425 -0.363678
-0.734033 -0.343800 0.284535
-0.794100 0.184633 0.275370
-0.839100 0.066800 -0.378906
-0.787933 -0.125567 0.378667
-0.821000 -0.264800 -0.379395
-0.864600 -0.025800 0.376045
-0.849750 0.275500 -0.185746
-0.695433 -0.045067 -0.412130
-0.674950 -0.479900 0.038604
-0.733650 -0.334575 -0.323803
-0.864500 0.207000 0.238602
-0.654600 -0.303500 0.311996
-0.885100 0.228350 -0.237748
-0.744050 0.052150 0.350403
-0.673950 -0.347800 0.279297
-0.734500 0.063340 0.347000
-0.875400 -0.055050 -0.411552
-0.655000 -0.482867 -0.023931
-0.810200 0.304600 -0.071396
-0.784600 -0.494800 0.026100
-0.837200 -0.499600 0.033699
-0.674050 -0.265700 0.334995
-0.733467 -0.094633 -0.408900
-0.754333 0.291233 0.103734
-0.755700 0.249000 -0.227707
-0.834150 -0.244550 -0.388099
-0.785060 -0.336900 0.305637
-0.804467 -0.363367 0.283534
-0.822800 -0.495800 0.046898
-0.917200 0.240700 0.181396
-0.905000 0.000200 -0.400208
-0.927800 0.027300 0.359802
-0.802000 -0.461600 0.152206
-0.836000 -0.174650 0.376603
-0.694900 -0.352700 -0.310799
-0.883400 0.271900 0.121796
-0.944900 0.290000 -0.026146
-0.777700 0.153900 0.298096
-0.642500 -0.438900 0.159500
-0.666125 -0.195100 0.363274
-0.705925 0.014125 0.368828
-0.704583 -0.054150 0.379235
-0.907500 0.280100 -0.118195
-0.673100 -0.115333 -0.413600
-0.665950 -0.378950 0.249146
-0.764900 -0.495550 0.025299
-0.847700 0.255617 -0.215167
-0.706700 -0.214933 0.357701
-0.842900 -0.201200 0.371002
-0.923800 0.211150 -0.255798
-0.764300 -0.202567 0.361297
-0.918000 0.150700 -0.320206
-0.714033 0.315767 -0.024704
-0.724720 -0.476020 -0.096298
-0.664700 -0.337333 0.287969
-0.716300 0.310750 -0.084007
-0.674600 -0.367650 -0.297547
-0.837500 0.133525 0.316425
-0.858600 0.277500 -0.146500
-0.814900 -0.359800 0.287796
-0.633833 -0.480900 -0.034398
-0.926933 0.281600 -0.105097
-0.715100 -0.367067 -0.295532
-0.726350 0.282250 -0.175850
-0.715000 -0.411600 -0.242745
-0.795600 0.253033 -0.214702
-0.762400 -0.134450 0.376556
-0.853875 0.292275 0.114399
-0.663900 -0.483160 0.004938
-0.937500 0.272450 0.104851
-0.797100 -0.492100 -0.084251
-0.695975 -0.434800 -0.205525
-0.615975 -0.436325 -0.193828
-0.894500 0.280700 -0.122101
-0.690500 -0.221700 -0.390106
-0.805150 0.305800 0.015495
-0.684500 -0.472233 -0.105001
-0.864650 -0.468050 -0.186005
-0.713600 -0.195467 0.363464
-0.691200 -0.479800 0.027100
-0.902100 0.072600 0.341850
-0.801900 0.308100 -0.014397
-0.775500 0.295967 -0.115631
-0.795000 -0.455800 -0.193364
-0.732500 0.312833 0.015401
-0.616450 -0.448550 -0.167801
-0.871200 -0.085750 -0.414299
-0.724700 -0.423820 0.195318
-0.731100 -0.384800 -0.276993
-0.927400 0.278800 0.086304
-0.777150 -0.494200 -0.055900
-0.706333 -0.273867 0.331833
-0.753500 -0.232800 0.350753
-0.756600 0.229100 0.217697
-0.716540 0.046340 0.356842
-0.795250 -0.345950 -0.328750
-0.746400 0.310350 0.022652
-0.722700 -0.419800 -0.229996
-0.667000 -0.231600 0.350494
-0.897700 -0.212200 -0.401001
-0.843800 0.062900 -0.380402
-0.835183 0.054600 0.355400
-0.781400 -0.094700 0.381150
-0.724200 -0.384775 0.244747
-0.714167 0.313100 -0.065537
-0.874733 -0.195133 0.373866
-0.734150 -0.303900 -0.345505
-0.829200 -0.493150 0.066299
-0.905950 0.268950 0.123596
-0.696100 -0.478650 -0.074745
-0.755750 -0.015100 -0.398606
-0.907250 0.293750 -0.004044
-0.934300 0.230600 0.195496
-0.873700 -0.275433 0.346100
-0.844100 -0.284400 0.339600
-0.725575 -0.457850 -0.154152
-0.834100 -0.417900 0.229507
-0.725600 0.147100 0.306659
-0.826050 0.024475 0.367027
-0.723900 -0.404833 -0.252202
-0.835300 -0.306650 -0.358200
-0.734520 0.253180 0.194122
-0.923800 0.216400 -0.248901
-0.843600 0.175375 -0.306347
-0.724667 0.286200 -0.166133
-0.774950 -0.496100 -0.015052
-0.820400 -0.015000 0.384094
-0.775950 -0.474450 0.114998
-0.896750 0.275400 0.107697
-0.847200 -0.495100 -0.099106
-0.875433 -0.234567 -0.393438
-0.847000 -0.075550 -0.414100
-0.868500 -0.070600 -0.413406
-0.676467 -0.356967 -0.308100
-0.724850 -0.474250 0.086594
-0.644300 -0.450300 -0.172150
-0.796800 0.269000 -0.186600
-0.856575 0.295800 0.055828
-0.724233 0.261300 0.184036
-0.840675 0.163375 0.303749
-0.763500 0.226000 -0.257896
-0.742400 0.110700 0.321793
-0.635000 -0.416667 0.197098
-0.745067 -0.274233 0.331599
-0.885550 -0.114300 0.383797
-0.687233 -0.124533 -0.412735
-0.794000 0.137400 0.314301
-0.794100 -0.286033 -0.367594
-0.714700 -0.361900 -0.300705
-0.775833 -0.495667 0.005330
-0.684475 -0.144000 0.374748
-0.725900 -0.355250 0.274300
-0.735260 0.046120 -0.386780
-0.732300 -0.434100 0.180893
-0.856450 -0.262550 0.350899
-0.853225 0.293625 -0.104751
-0.636500 -0.480933 0.004802
-0.846500 0.133000 -0.340195
-0.724583 0.206517 0.255486
-0.732800 -0.064500 0.375366
-0.627000 -0.480567 -0.034368
-0.844800 0.203700 0.270294
-0.847100 -0.126000 -0.413948
-0.727400 -0.399900 0.227295
-0.862100 -0.233500 -0.393349
-0.883200 0.172000 0.273407
-0.764100 0.308367 0.014099
-0.764725 -0.495900 0.016327
-0.731900 0.290500 0.122299
-0.811000 0.307550 0.003105
-0.744100 -0.345675 0.282952
-0.792400 0.169900 -0.308701
-0.689700 -0.431400 0.180298
-0.852900 0.033700 -0.391602
-0.734950 0.096050 -0.366901
-0.897800 -0.105800 -0.414849
-0.733533 0.004000 0.365295
-0.705367 0.202200 0.262268
-0.696200 -0.145200 -0.409447
-0.700300 -0.281500 -0.360992
-0.696175 -0.012850 -0.408226
-0.885050 -0.233600 0.362999
-0.764350 -0.174400 0.369354
-0.704600 0.307280 -0.105099
-0.779333 0.308433 -0.025899
-0.745633 -0.284533 0.326101
-0.724650 -0.447700 0.155075
-0.782200 0.147100 0.304504
-0.714300 0.300000 -0.131302
-0.871200 -0.309300 0.328293
-0.914100 0.113550 -0.348099
-0.715500 0.084633 -0.375961
-0.896050 0.134800 -0.334449
-0.684067 -0.453100 0.134664
-0.891650 -0.084250 0.383400
-0.799250 0.305300 -0.064995
-0.865800 0.156250 0.288948
-0.736450 0.296050 0.105195
-0.625300 -0.437350 -0.194622
-0.875100 -0.205100 -0.402252
-0.723600 -0.239100 -0.379898
-0.923150 0.257900 -0.177399
-0.686780 0.094640 -0.375299
-0.782900 0.159700 -0.317795
-0.908500 0.190100 0.252396
-0.896567 0.287000 -0.094767
-0.858100 -0.402000 -0.282806
-0.875033 0.268200 -0.165599
-0.656150 -0.413250 -0.241753
-0.893700 -0.040100 -0.409302
-0.944000 0.221700 -0.238495
-0.713400 -0.411200 0.212494
-0.782933 0.152867 -0.322866
-0.723950 0.221250 -0.271949
-0.682500 -0.401700 0.220093
-0.846600 0.015700 -0.397598
-0.715000 -0.321700 0.301804
-0.815100 -0.354050 -0.323700
-0.720833 -0.486800 -0.005234
-0.724975 0.054900 0.351646
-0.723575 -0.467475 -0.126324
-0.734500 0.021700 0.360199
-0.905233 0.264367 0.135371
-0.832550 -0.397900 0.252899
-0.773767 -0.466800 0.134430
-0.816200 0.136900 0.319397
-0.925600 0.154350 0.285752
-0.859367 -0.065667 0.381999
-0.772080 -0.404620 -0.273080
-0.846000 -0.267700 -0.379196
-0.811800 0.192300 0.271698
-0.834000 -0.446850 0.187194
-0.715900 0.004725 -0.401653
-0.714500 0.281767 0.146001
-0.754000 -0.304633 0.314768
-0.945250 0.267800 -0.146500
-0.847817 0.225167 0.236219
-0.900500 0.201900 0.240097
-0.742867 0.163100 -0.323532
-0.660500 -0.248200 -0.378906
-0.765267 -0.486133 -0.114599
-0.715180 -0.095660 -0.411441
-0.713333 0.166300 -0.326065
-0.801300 -0.237800 0.358704
-0.684600 -0.002875 -0.407025
-0.768400 -0.287700 0.329803
-0.763900 0.230500 -0.252197
-0.763000 -0.255150 0.342598
-0.714133 -0.154667 0.371704
-0.743550 -0.496850 -0.006401
-0.805200 -0.497850 -0.044998
-0.744600 -0.237400 -0.379807
-0.868300 0.250700 -0.204498
-0.745950 0.312150 -0.045151
-0.674033 -0.456400 0.125204
-0.854167 0.283983 0.134898
-0.848300 -0.123900 0.383102
-0.644540 -0.397500 0.224942
-0.815600 -0.490200 0.072098
-0.863100 0.296100 -0.064895
-0.846200 -0.491000 0.084503
-0.894500 0.067600 -0.375198
-0.813000 -0.346100 -0.329605
-0.715050 0.154050 0.303302
-0.834600 0.087300 -0.369400
-0.733400 -0.398600 0.228607
-0.745675 0.292075 -0.144298
-0.783050 0.302900 0.042748
-0.885850 0.296300 -0.005302
-0.907650 0.278200 0.095299
-0.704800 0.155520 -0.335779
-0.778650 0.308500 -0.015595
-0.749500 -0.018300 0.370895
-0.760100 0.150400 -0.330795
-0.696725 -0.365325 0.264572
-0.924700 0.182100 -0.290207
-0.863600 0.136100 -0.336594
-0.791100 -0.150100 0.378906
-0.705767 0.132067 -0.351929
-0.734000 0.230700 0.222900
-0.743300 -0.392150 0.236847
-0.744100 0.255383 0.185387
-0.735300 0.261100 0.183197
-0.713075 0.315450 0.005974
-0.761600 -0.065300 -0.404396
-0.895800 0.231200 0.200195
-0.715933 -0.394533 0.233531
-0.674783 -0.044333 0.378715
-0.850000 0.273100 -0.190094
-0.949000 0.238600 0.179001
-0.883800 -0.004533 -0.401764
-0.796200 -0.094767 0.383967
-0.798100 -0.174600 -0.413233
-0.626700 -0.431600 0.171097
-0.916150 0.184600 0.257347
-0.663767 -0.412133 -0.244135
-0.634850 -0.391350 0.232002
-0.724450 -0.085750 0.376728
-0.807250 -0.233200 0.360550
-0.903700 0.162200 0.280594
-0.752600 -0.477300 -0.132599
-0.785150 -0.496750 -0.005798
-0.654150 -0.387275 -0.275123
-0.783300 -0.354000 -0.320999
-0.716000 -0.314700 0.306768
-0.680900 -0.247900 -0.379593
-0.768950 0.308950 -0.024254
-0.653800 -0.225625 0.352452
-0.686125 -0.482975 0.013600
-0.786000 -0.379000 0.267853
-0.935800 0.235300 -0.218506
-0.705667 -0.005567 0.373332
-0.856800 -0.448300 0.189407
-0.734425 0.212875 0.243202
-0.784600 -0.416167 0.225067
-0.704150 -0.130800 -0.410645
-0.904900 0.226600 -0.236603
-0.936250 0.224950 -0.234894
-0.632700 -0.459050 -0.145401
-0.855825 0.295875 0.064751
-0.825750 -0.215650 -0.397904
-0.953750 0.286150 -0.064904
-0.706750 0.212250 0.251548
-0.715067 0.297500 0.104431
-0.684733 -0.444033 0.155868
-0.876100 -0.303600 0.331749
-0.723000 -0.350700 -0.310898
-0.635325 -0.384850 -0.274551
-0.691900 -0.340800 -0.321304
-0.675350 -0.425033 -0.224597
-0.683700 -0.106425 0.379501
-0.761900 0.251850 0.184051
-0.838400 -0.490700 -0.112900
-0.722200 0.291050 0.122253
-0.872050 -0.094450 -0.414551
-0.706400 -0.467600 -0.125595
-0.944450 0.251450 0.155495
-0.814900 -0.315400 -0.351807
-0.704825 0.086225 0.341603
-0.675480 -0.414600 0.204599
-0.743700 -0.293550 0.320946
-0.835150 -0.015450 -0.405900
-0.685700 0.006300 -0.404902
-0.772600 0.176300 0.278503
-0.665680 -0.396880 -0.264157
-0.755700 0.279133 0.135264
-0.796600 -0.225400 0.364349
-0.744700 0.025225 0.358601
-0.949150 0.287950 0.022896
-0.852825 0.293175 -0.113579
-0.825450 -0.488750 -0.114251
-0.924900 0.196650 -0.274300
-0.775600 0.238800 -0.238998
-0.856367 0.287100 -0.115636
-0.643867 -0.424867 0.185801
-0.746700 -0.114533 -0.406535
-0.918400 0.251000 -0.192993
-0.924050 0.253350 0.156151
-0.919500 0.291350 -0.045997
-0.775325 0.225500 -0.256451
-0.785350 -0.436950 0.194901
-0.715560 -0.216440 0.356824
-0.654075 -0.175300 0.368126
-0.804900 0.278900 0.137695
-0.614600 -0.470800 0.061203
-0.664725 -0.437575 0.165676
-0.703000 -0.483150 0.025795
-0.743850 -0.467650 -0.146904
-0.895550 -0.323950 0.321052
-0.734750 -0.015200 -0.402099
-0.715467 0.268200 -0.205968
-0.725000 0.303025 -0.114876
-0.655360 -0.395320 -0.265320
-0.856300 0.299500 -0.035995
-0.746600 -0.419900 -0.239502
-0.695900 -0.207600 0.359894
-0.761100 0.211200 0.240005
-0.890500 -0.092800 0.383751
-0.686050 -0.165225 -0.406475
-0.834133 -0.215500 -0.398071
-0.843800 -0.365800 0.285599
-0.724520 0.054860 -0.386060
-0.703600 -0.428050 0.186997
-0.766400 0.215067 0.236237
-0.715000 0.066140 -0.383576
-0.885200 0.283667 0.084834
-0.882450 0.123200 -0.343750
-0.801100 0.084100 0.345901
-0.891500 0.268800 -0.158203
-0.725150 -0.193675 0.363895
-0.924333 0.273600 0.105133
-0.716300 -0.461500 0.122993
-0.774800 -0.489100 -0.089798
-0.752200 0.310100 -0.050903
-0.815133 -0.296033 -0.363302
-0.741800 -0.341900 -0.315994
-0.804850 0.102000 0.337952
-0.844575 0.225800 -0.254597
-0.723300 0.280800 -0.181198
-0.886200 0.024850 0.362450
-0.678600 -0.400600 -0.260406
-0.786600 0.307650 0.005600
-0.803250 0.302150 0.053650
-0.763960 -0.493980 0.055380
-0.816000 -0.469800 -0.167297
-0.737000 0.300200 0.091400
-0.723100 0.299700 -0.128098
-0.831500 0.143400 -0.340897
-0.715375 0.175025 0.287075
-0.772100 -0.412100 0.233795
-0.705533 0.271633 -0.203334
-0.896350 -0.246500 0.359047
-0.682900 -0.439100 -0.198197
-0.725250 -0.203925 -0.392502
-0.761000 0.080400 0.340195
-0.926400 0.144850 -0.324501
-0.824400 -0.256400 0.351997
-0.644875 -0.471175 0.073875
-0.726600 0.211850 -0.281655
-0.873900 0.045650 -0.385903
-0.635633 -0.454300 0.124501
-0.904800 0.064150 0.345856
-0.683350 -0.397400 0.225899
-0.736933 0.207600 -0.284037
-0.665375 -0.422100 0.192223
-0.715200 -0.454950 0.134903
-0.944650 0.255950 0.145599
-0.728267 0.227833 0.227732
-0.884100 0.252350 0.166451
-0.764320 0.297480 -0.115817
-0.716000 -0.449900 0.149506
-0.827740 0.043780 0.365720
-0.901600 -0.005550 0.371101
-0.855150 -0.313450 -0.355500
-0.664540 -0.075460 0.380179
-0.828900 -0.499300 -0.059692
-0.704920 0.246420 -0.243619
-0.736333 -0.285167 -0.356435
-0.713733 -0.245367 0.345871
-0.848633 -0.115800 -0.414566
-0.840700 -0.288300 -0.368698
-0.702900 -0.451600 0.143204
-0.728500 0.311833 0.034698
-0.744700 -0.015800 -0.400935
-0.865100 -0.411900 0.241104
-0.713733 -0.485967 -0.015335
-0.854950 0.148250 -0.327896
-0.795500 -0.312800 0.321198
-0.746000 -0.442400 0.180695
-0.883700 0.280450 0.096199
-0.913933 0.197233 -0.274302
-0.854800 0.276000 0.125652
-0.847267 0.214600 0.236399
-0.859350 -0.084800 -0.414254
-0.684900 -0.352150 -0.311646
-0.784800 0.294200 0.084854
-0.866200 0.076100 -0.373001
-0.683533 -0.367200 -0.297470
-0.894300 0.215367 -0.254104
-0.776867 -0.035100 0.377533
-0.744900 0.309900 0.028503
-0.854400 -0.334400 -0.341797
-0.685475 -0.417075 -0.236527
-0.684340 -0.225680 0.353400
-0.793467 0.306267 0.025035
-0.684950 -0.215525 -0.392353
-0.635750 -0.431300 0.173004
-0.784800 -0.472000 -0.154099
-0.708200 -0.219300 -0.389297
-0.925300 -0.058500 0.380402
-0.802950 -0.477000 -0.144798
-0.684700 0.022200 -0.401154
-0.636500 -0.439200 0.158401
-0.675300 -0.459200 0.118896
-0.724233 0.158167 0.298269
-0.784700 -0.357800 0.287346
-0.836600 -0.480500 -0.146194
-0.807400 -0.497100 -0.056702
-0.876200 0.153700 0.290405
-0.783150 0.205850 -0.277496
-0.724925 0.266400 0.175274
-0.878300 0.197500 0.247696
-0.856600 -0.015400 -0.405098
-0.754360 0.223940 0.224378
-0.755900 0.058850 -0.378846
-0.894900 0.136450 0.302399
-0.703960 0.193900 -0.303980
-0.894400 0.092550 -0.362297
-0.864450 -0.446450 0.193199
-0.716700 0.229600 0.229294
-0.769500 0.197800 -0.287903
-0.669800 -0.300400 -0.350906
-0.867467 -0.174867 -0.408366
-0.798800 -0.448000 0.178101
-0.793400 0.176350 -0.303199
-0.838950 -0.044950 -0.411300
-0.825700 -0.501200 -0.023903
-0.897500 0.265600 -0.165596
-0.838200 -0.333200 -0.341400
-0.773500 0.073950 0.344154
-0.806400 0.291500 0.099197
-0.956650 0.287750 -0.045349
-0.736100 0.296300 -0.134849
-0.786950 -0.491250 -0.083656
-0.924950 0.065200 0.343857
-0.714833 -0.245300 -0.378199
-0.805800 -0.402600 0.244095
-0.703700 -0.116200 -0.412165
-0.823200 -0.034000 -0.409607
-0.847900 -0.472200 -0.171600
-0.747500 -0.352200 0.278503
-0.844225 0.165575 -0.314747
-0.722867 0.014783 0.365751
-0.735133 0.298200 0.097697
-0.905950 0.241900 -0.211906
-0.713300 0.146500 0.308701
-0.777100 -0.481700 -0.121597
-0.891900 0.155500 -0.318100
-0.663500 -0.220900 -0.390198
-0.767600 0.182500 0.272202
-0.865650 -0.397900 0.256797
-0.664933 -0.482900 -0.014465
-0.755000 0.145333 -0.334198
-0.780600 0.281800 -0.160400
-0.902100 0.283650 -0.106453
-0.935050 0.016300 0.363396
-0.816550 0.034300 0.371956
-0.636200 -0.452633 -0.164500
-0.699500 0.228600 -0.268204
-0.727700 0.238800 -0.248901
-0.836433 -0.364933 0.285635
-0.665900 -0.483100 -0.004348
-0.923700 0.134700 -0.332847
-0.944300 0.289100 -0.045555
-0.788300 0.171800 0.284805
-0.859900 -0.164900 -0.410004
-0.877600 0.257400 0.157898
-0.754000 0.133050 -0.341797
-0.845600 0.205700 0.263397
-0.673000 -0.482800 0.003952
-0.805400 -0.384767 0.263402
-0.706350 0.085850 -0.376949
-0.765825 -0.494900 -0.055553
-0.745200 -0.095400 0.376332
-0.736025 -0.285750 0.325501
-0.764650 -0.494975 0.034279
-0.789500 -0.043400 0.380005
-0.706275 0.311775 0.043728
-0.724133 -0.416400 0.205704
-0.889500 0.269100 0.127594
-0.705800 0.199300 -0.298096
-0.914700 0.127950 0.307449
-0.925100 -0.054100 0.379898
-0.731200 -0.210500 -0.390106
-0.793850 -0.394800 -0.282997
-0.704350 -0.470650 0.092499
-0.779700 0.308200 -0.036148
-0.870100 0.281100 0.100998
-0.715867 0.197833 0.266368
-0.848700 -0.048000 0.380402
-0.615400 -0.437950 0.156052
-0.654920 -0.325260 0.296338
-0.765900 0.075200 0.342697
-0.785567 0.293467 -0.124400
-0.942100 0.290200 0.002854
-0.875000 -0.320800 0.321304
-0.753350 -0.035450 0.374398
-0.634825 -0.435425 0.165455
-0.767400 0.309075 -0.035473
-0.654820 -0.184940 0.365900
-0.699700 -0.099000 0.379700
-0.685967 -0.436000 -0.204097
-0.944850 0.237800 -0.212806
-0.762650 0.005350 0.366951
-0.816400 -0.500000 -0.005104
-0.854475 0.124925 0.313625
-0.813550 -0.195650 0.372055
-0.901300 0.223400 0.211304
-0.874200 -0.388200 0.267853
-0.735300 0.154583 0.296534
-0.833100 0.004800 -0.401100
-0.821100 -0.156500 0.379593
-0.899500 -0.034400 0.377396
-0.926600 0.290900 0.016251
-0.666167 -0.451800 -0.174331
-0.712600 -0.327400 0.297653
-0.794433 0.264867 -0.194366
-0.835300 -0.489200 -0.117493
-0.876733 0.296900 -0.035431
-0.775850 -0.448800 -0.204300
-0.767100 -0.421000 -0.235107
-0.634425 -0.448175 -0.174454
-0.892750 -0.074350 -0.413155
-0.865800 -0.282300 0.342407
-0.725500 -0.225433 -0.385666
-0.818733 -0.498467 -0.054703
-0.704233 -0.214567 -0.391434
-0.865267 0.244033 0.185969
-0.685833 -0.236167 0.348862
-0.646300 -0.373750 0.252403
-0.714000 -0.482967 -0.055064
-0.736200 0.313700 -0.004003
-0.867100 -0.035033 -0.408732
-0.885900 0.223700 -0.244545
-0.726067 -0.407300 0.217865
-0.821100 -0.422000 0.222107
-0.768400 0.309000 -0.016098
-0.912700 0.279500 0.088898
-0.885600 -0.274633 0.347031
-0.883900 -0.304000 0.332001
-0.866500 -0.366050 0.287499
-0.743950 -0.265350 0.336403
-0.757500 -0.170600 0.370102
-0.674100 -0.271550 0.331948
-0.744950 -0.298550 0.317802
-0.734867 -0.105033 0.376836
-0.716100 0.207833 -0.287532
-0.745850 0.261050 -0.210754
-0.893000 -0.327900 0.318207
-0.805500 0.298950 0.066803
-0.907300 -0.023450 0.374901
-0.864900 0.162550 0.283753
-0.784150 0.184925 -0.297050
-0.864500 0.198900 0.248001
-0.825125 -0.314550 -0.352852
-0.804550 -0.437650 0.196755
-0.863300 0.082300 -0.370102
-0.725440 -0.305000 -0.345059
-0.881600 0.232500 0.201202
-0.815300 -0.462500 -0.183502
-0.854900 0.173750 0.275398
-0.768700 0.099300 -0.359100
-0.815600 -0.500000 -0.014557
-0.833800 -0.376800 0.274453
-0.798567 0.307467 0.004364
-0.773950 -0.485550 0.074844
-0.927800 0.056150 0.347953
-0.705167 -0.204400 0.360967
-0.831000 0.074550 0.353050
-0.777267 0.306600 -0.054637
-0.851300 0.283600 -0.166397
-0.885750 0.293000 0.036201
-0.863400 -0.267300 0.349304
-0.705650 0.311075 -0.084675
-0.913833 -0.084667 0.382935
-0.797367 -0.488000 -0.105067
-0.845100 -0.370950 -0.311852
-0.859500 -0.091100 -0.414307
-0.716400 -0.480800 0.054092
-0.860850 -0.106500 -0.414802
-0.849350 0.265950 -0.196125
-0.715180 -0.184620 0.366220
-0.853750 -0.437600 -0.237107
-0.802500 -0.284600 -0.369003
-0.702600 -0.209800 0.359207
-0.695333 -0.403200 0.222366
-0.713820 -0.345660 -0.315280
-0.894500 -0.304433 0.332398
-0.745760 0.215140 -0.274201
-0.704600 -0.458700 0.127304
-0.824700 -0.163000 -0.410004
-0.675750 -0.252250 0.341652
-0.725800 -0.064967 -0.409703
-0.754520 0.244280 -0.235101
-0.785850 0.283900 -0.154953
-0.623933 -0.478800 -0.046000
-0.946200 0.259700 -0.167999
-0.876900 0.075000 -0.372767
-0.832100 -0.172500 -0.408493
-0.815440 -0.053620 -0.413299
-0.856333 0.304767 -0.025017
-0.843800 0.014433 0.366898
-0.694625 0.232950 -0.263599
-0.674567 -0.304833 0.311869
-0.776200 -0.485650 -0.105751
-0.727000 0.127200 0.319199
-0.713800 -0.461667 -0.143900
-0.876700 0.216300 -0.256005
-0.849200 -0.105300 -0.414795
-0.726800 -0.094000 -0.410095
-0.838033 0.125700 0.317367
-0.724900 0.314700 0.004333
-0.706900 0.187700 -0.309006
-0.804500 -0.266200 -0.378052
-0.875600 0.263300 0.145897
-0.656950 -0.479550 0.035500
-0.779150 -0.354900 0.292206
-0.871650 -0.116350 -0.414299
-0.819700 -0.025433 0.379364
-0.914200 0.088200 -0.363602
-0.775400 -0.309100 0.322601
-0.711600 -0.485700 -0.005468
-0.655625 -0.204475 -0.395302
-0.704725 0.315100 0.014877
-0.704800 0.178033 -0.317800
-0.892200 0.014200 0.365707
-0.663350 -0.335850 -0.325527
-0.850600 0.230300 -0.240402
-0.764400 0.176400 0.277351
-0.742550 -0.233100 0.350502
-0.786800 0.140200 0.311096
-0.695300 0.004933 0.371104
-0.766500 -0.479700 0.098495
-0.886250 0.235650 0.195297
-0.655533 -0.184633 -0.401301
-0.850500 0.275850 -0.181396
-0.775100 0.111200 0.323807
-0.829100 -0.481300 -0.140701
-0.901500 0.241400 0.182404
-0.614750 -0.467825 0.074429
-0.846633 0.227400 -0.246933
-0.836250 0.044150 0.358750
-0.664940 -0.406460 0.215582
-0.705540 -0.304780 0.313458
-0.837100 -0.442800 0.194595
-0.912900 0.275100 0.103302
-0.765400 0.222300 -0.262100
-0.838400 0.165350 -0.317650
-0.831400 -0.145150 -0.412452
-0.765333 0.084067 -0.366567
-0.705200 -0.467200 0.104299
-0.833300 -0.306800 0.326797
-0.912800 0.077500 0.338448
-0.844100 0.112650 -0.353897
-0.774400 0.293650 -0.125648
-0.674200 -0.285175 0.324101
-0.744100 -0.045500 0.374947
-0.796067 0.303700 -0.075363
-0.724160 -0.244340 0.346176
-0.784800 0.166050 -0.312500
-0.935050 0.004950 0.366654
-0.934000 0.203600 -0.264603
-0.664725 -0.470825 -0.113453
-0.794267 -0.472367 -0.155263
-0.836050 -0.477850 -0.153297
-0.677600 -0.318600 -0.339096
-0.904850 -0.034700 0.377204
-0.744300 0.303567 -0.104869
-0.875750 0.117500 -0.348350
-0.766700 0.182500 -0.302346
-0.756700 0.228100 -0.256500
-0.707400 -0.262450 -0.370750
-0.685800 -0.483450 -0.024650
-0.794300 -0.356500 -0.319901
-0.683750 -0.372200 -0.292404
-0.944250 0.264700 -0.155953
-0.704100 -0.446800 0.153504
-0.696700 -0.115200 -0.412964
-0.705183 0.003517 -0.403882
-0.754775 0.236925 -0.245651
-0.854975 0.305325 -0.065224
-0.697050 -0.022400 -0.409348
-0.815800 -0.474350 -0.155602
-0.717200 0.143267 -0.342570
-0.755533 -0.104467 -0.406036
-0.762750 0.073000 -0.371902
-0.846700 0.074000 -0.375244
-0.695100 0.233825 0.224804
-0.875350 0.297500 -0.005943
-0.694375 -0.367000 -0.297176
-0.634925 -0.468625 -0.114651
-0.730600 -0.428300 -0.214905
-0.774200 -0.179000 0.370102
-0.746250 0.299350 0.086853
-0.813500 -0.496100 0.036903
-0.838400 0.193700 -0.302200
-0.685467 -0.428567 -0.217296
-0.715325 -0.204375 -0.393551
-0.694625 0.155675 -0.336823
-0.637900 -0.460400 -0.144104
-0.792550 0.298550 0.064995
-0.867550 0.286250 -0.113999
-0.778700 0.247300 0.195206
-0.894600 0.182550 -0.292495
-0.741533 -0.486367 0.065399
-0.704000 0.241800 0.213196
-0.828000 -0.460400 0.161194
-0.888600 -0.177700 0.377396
-0.714850 -0.430950 -0.212052
-0.704867 0.286100 0.135936
-0.665450 -0.331800 0.291954
-0.922550 0.277600 0.092796
-0.704750 0.294350 0.114700
-0.714750 0.233500 0.223629
-0.813400 -0.430200 -0.240601
-0.684800 -0.062200 0.379898
-0.894100 0.257050 0.154496
-0.955400 0.274150 -0.123154
-0.825650 -0.113750 0.383599
-0.618500 -0.440400 0.151093
-0.722300 -0.450500 -0.171600
-0.835900 -0.094200 0.383851
-0.734671 0.244743 0.204629
-0.755800 -0.476900 0.121849
-0.695080 -0.135700 -0.411102
-0.887500 -0.055600 -0.411445
-0.804550 0.302000 -0.085999
-0.875000 0.147300 -0.326797
-0.718100 -0.328000 -0.328903
-0.785367 -0.443400 0.184199
-0.685400 0.115340 -0.364700
-0.808200 -0.479800 -0.138504
-0.914000 0.071200 0.341797
-0.855450 0.193800 -0.285995
-0.895950 0.083800 -0.367050
-0.753550 -0.064900 0.377350
-0.848500 0.234000 0.234406
-0.875500 0.152300 -0.322693
-0.702950 -0.445225 -0.184299
-0.824750 -0.342300 0.302750
-0.646100 -0.393667 -0.266169
-0.644950 -0.481833 -0.034500
-0.674967 -0.136300 -0.411102
-0.824900 -0.286800 0.337494
-0.914550 0.206250 -0.263153
-0.695525 0.073500 -0.383373
-0.670200 -0.418000 0.198898
-0.793833 -0.325200 -0.343902
-0.808400 0.288400 -0.138397
-0.685080 -0.045360 -0.412738
-0.774900 -0.471400 -0.152893
-0.653975 -0.224975 -0.388099
-0.854600 -0.386900 0.267197
-0.725067 0.313417 -0.055234
-0.636500 -0.480100 0.020493
-0.751400 0.209300 -0.279999
-0.755200 0.310720 0.004498
-0.778300 -0.351950 -0.323898
-0.902567 -0.285300 0.342835
-0.708300 0.090000 0.340195
-0.742700 0.271100 0.160797
-0.713850 0.036250 -0.394074
-0.905750 0.133450 0.304054
-0.916900 0.245050 0.173996
-0.857250 -0.478700 0.126297
-0.865350 -0.407700 -0.277451
-0.741900 -0.332600 0.293404
-0.910100 -0.095600 -0.414703
-0.751067 -0.134300 -0.404399
-0.872700 -0.015367 0.373967
-0.867900 -0.094200 0.383804
-0.764933 0.303667 -0.085668
-0.884900 -0.048700 -0.410599
-0.705100 -0.004950 -0.405549
-0.665633 -0.417367 -0.236867
-0.717133 0.314533 0.014038
-0.821900 0.129500 0.326706
-0.729000 -0.328600 -0.328293
-0.727100 -0.390000 0.238693
-0.849200 -0.207500 0.369705
-0.825950 -0.275300 0.343399
-0.706400 -0.443100 0.161949
-0.705525 0.063450 -0.386028
-0.827550 -0.094600 -0.415207
-0.807750 0.277900 -0.165352
-0.839700 0.231700 0.236206
-0.832100 0.091000 0.350998
-0.792367 0.245967 -0.226201
-0.794900 -0.407400 0.237198
-0.684300 -0.348950 0.278854
-0.786300 -0.486550 -0.106499
-0.845700 0.035400 -0.391250
-0.834000 -0.391400 -0.290802
-0.805150 -0.471100 -0.161247
-0.915600 0.123800 0.310394
-0.854350 0.294475 0.105350
-0.694380 -0.472100 0.086081
-0.655750 -0.469350 -0.118652
-0.675550 -0.351800 -0.312805
-0.748300 0.097400 0.329102
-0.665200 -0.262900 -0.372047
-0.727050 0.307750 -0.093853
-0.887150 0.003500 0.369201
-0.885050 -0.005050 0.371345
-0.894500 0.273433 -0.144872
-0.843400 -0.458100 0.168503
-0.883000 -0.185550 0.376045
-0.935750 0.146500 -0.322250
-0.774200 -0.483100 -0.115367
-0.792300 0.079400 0.346405
-0.766725 -0.476375 0.114097
-0.816000 -0.483800 -0.127549
-0.724800 -0.431700 0.183395
-0.934000 0.272550 -0.136200
-0.723250 -0.402250 0.224350
-0.725700 0.250500 0.200394
-0.745250 0.045250 -0.385227
-0.772900 -0.491850 0.043503
-0.693900 -0.469200 -0.118195
-0.755150 0.231800 -0.252456
-0.841083 0.165283 0.294200
-0.786150 -0.368200 -0.309105
-0.934050 0.276050 0.094551
-0.626100 -0.418567 -0.228032
-0.684840 -0.404840 -0.254898
-0.765100 -0.483700 0.105751
-0.785900 0.253350 -0.215149
-0.884800 0.241700 0.185448
-0.837600 0.026350 -0.394646
-0.896700 0.219400 -0.248596
-0.684333 -0.195233 0.363632
-0.895600 0.099300 -0.358307
-0.645433 -0.296000 -0.351664
-0.803000 -0.490850 -0.093850
-0.772950 0.298450 -0.105355
-0.868800 0.268100 0.137497
-0.886950 -0.195850 0.374000
-0.875200 -0.297150 -0.366249
-0.734760 0.215800 -0.275418
-0.782300 -0.417250 -0.253998
-0.834100 -0.455400 -0.202805
-0.838200 0.206300 0.268005
-0.615775 -0.477675 -0.005577
-0.803400 0.307600 -0.043945
-0.745900 0.044133 0.353170
-0.736000 -0.394050 0.234074
-0.706133 0.316467 -0.025029
-0.625250 -0.442275 -0.184296
-0.925300 0.084900 0.333898
-0.712800 -0.209400 0.359604
-0.808200 -0.459700 0.157700
-0.802600 0.047250 0.361901
-0.803000 -0.335300 -0.337448
-0.894150 0.063650 0.346398
-0.934350 0.253550 0.153405
-0.735200 -0.153400 0.371303
-0.769000 -0.423050 -0.255951
-0.943000 0.264550 0.125496
-0.745000 0.311367 -0.055034
-0.852100 -0.054000 -0.411751
-0.927050 0.237900 -0.214897
-0.755000 0.123700 0.314499
-0.684950 -0.345975 -0.317372
-0.626600 -0.449000 -0.169403
-0.857600 -0.366350 -0.317550
-0.787550 -0.458150 0.156350
-0.695025 -0.116350 0.378426
-0.843600 -0.005033 -0.403432
-0.776900 0.066900 0.348297
-0.840000 -0.493700 0.069595
-0.724500 0.285900 0.134544
-0.715950 0.212450 -0.282700
-0.734720 -0.115940 -0.408002
-0.777700 0.280500 -0.164093
-0.815340 -0.046000 0.385941
-0.669600 -0.421000 -0.231201
-0.763300 0.124900 0.315369
-0.714367 -0.044633 0.376933
-0.937900 0.257000 -0.176697
-0.735600 0.115425 -0.356350
-0.724000 -0.323967 -0.332001
-0.731700 0.102600 0.330002
-0.867800 0.087100 -0.367203
-0.703900 -0.412000 -0.242401
-0.848000 -0.186350 -0.405754
-0.711900 0.271300 -0.201797
-0.734000 0.314580 -0.024618
-0.850550 0.251400 0.205048
-0.914900 0.234400 -0.222252
-0.645800 -0.303133 0.312500
-0.695400 0.064875 -0.386677
-0.909400 0.258800 -0.178207
-0.716900 -0.258800 0.339401
-0.773950 -0.495900 -0.024102
-0.852500 0.221400 0.223305
-0.664550 -0.460600 -0.145500
-0.706150 -0.406750 0.216401
-0.757500 -0.497700 -0.057404
-0.755150 0.155600 0.292801
-0.803800 -0.165867 -0.409032
-0.742233 0.181733 0.272130
-0.875000 0.295550 -0.055855
-0.874900 0.289350 -0.096397
-0.892200 0.150600 -0.322601
-0.661100 -0.391100 -0.271301
-0.644380 -0.377160 -0.284518
-0.855050 0.025025 -0.394356
-0.674200 -0.392675 0.233124
-0.715600 -0.095425 0.377777
-0.806600 -0.082050 0.388000
-0.915050 0.274450 -0.134896
-0.811400 0.069400 0.356003
-0.757200 -0.502400 -0.043900
-0.745620 0.004100 -0.396640
-0.644600 -0.432100 0.172262
-0.855325 0.203000 0.245022
-0.745400 0.184825 -0.304550
-0.667500 -0.401550 0.222450
-0.682650 -0.288050 -0.358849
-0.845500 -0.294300 -0.365799
-0.732900 0.191200 -0.301407
-0.908300 -0.115367 0.383667
-0.733850 0.258550 -0.218300
-0.775000 -0.416100 0.225425
-0.925550 0.253200 -0.186905
-0.781000 0.212600 0.242905
-0.738500 -0.259000 0.339798
-0.887000 -0.215200 0.368950
-0.813800 0.212800 0.250000
-0.822900 -0.354800 -0.323700
-0.836600 -0.224100 0.364303
-0.784800 0.157150 0.296699
-0.665325 -0.483025 -0.035724
-0.635000 -0.408400 0.209000
-0.783600 -0.358300 -0.316795
-0.830000 -0.202300 0.370499
-0.854900 0.222000 -0.251900
-0.813950 -0.451700 0.174347
-0.823150 -0.463200 0.153496
-0.654250 -0.458500 0.117798
-0.832767 -0.495900 0.054764
-0.702250 -0.485200 -0.024552
-0.855100 0.312400 -0.065498
-0.665650 -0.252000 0.341247
-0.844450 -0.215750 -0.398049
-0.935375 0.174050 0.266125
-0.724200 -0.433640 -0.204538
-0.873600 0.098300 0.329300
-0.805450 -0.405000 -0.272552
-0.836000 -0.463700 -0.186607
-0.874000 0.014333 0.365962
-0.814833 -0.456033 0.166336
-0.834600 -0.476667 0.125433
-0.724200 -0.349700 0.279297
-0.864500 0.084800 0.337235
-0.876500 -0.313950 0.325798
-0.875650 0.172900 0.273201
-0.833700 -0.233300 -0.392197
-0.897300 -0.094533 -0.414769
-0.693367 -0.296800 0.317800
-0.798900 0.261300 0.175201
-0.791400 -0.432500 0.202606
-0.800400 0.241600 0.210403
-0.886050 -0.262850 0.352302
-0.705567 -0.402900 0.223567
-0.656575 -0.174900 -0.403874
-0.694700 -0.360950 -0.303048
-0.887300 0.283250 -0.114899
-0.913900 0.221700 0.212303
-0.726500 -0.487100 -0.039597
-0.764633 0.294467 0.085063
-0.746080 0.215620 0.235639
-0.654325 -0.215575 0.355953
-0.823400 -0.337000 0.306251
-0.829700 0.064033 0.356735
-0.694600 -0.329800 -0.329605
-0.828600 0.058700 0.359695
-0.855333 0.306150 -0.045169
-0.839150 -0.501750 0.014602
-0.763533 -0.005600 -0.395101
-0.653100 -0.165533 -0.405599
-0.795550 -0.426250 -0.243652
-0.784550 0.246150 -0.226799
-0.665533 -0.134567 0.376165
-0.770000 -0.248600 0.351807
-0.916200 0.196100 0.244995
-0.704600 0.252600 -0.234630
-0.760100 0.310600 -0.006500
-0.744375 0.311350 0.014450
-0.725333 0.087000 0.338669
-0.695200 -0.343425 0.283653
-0.825300 0.042200 -0.390602
-0.781900 0.220600 0.234604
-0.774867 -0.442300 0.185003
-0.840400 0.190700 0.282593
-0.656600 -0.311150 -0.342896
-0.645533 -0.429100 -0.215968
-0.625750 -0.469050 0.075653
-0.876450 -0.255050 0.355095
-0.906000 -0.195650 0.374100
-0.826033 -0.094867 0.384099
-0.931500 0.270900 0.111206
-0.684100 0.102400 -0.370849
-0.705925 -0.144575 0.374077
-0.805333 -0.255033 0.352031
-0.704975 -0.173700 -0.403225
-0.768050 -0.456450 0.167801
-0.823550 -0.478350 -0.147155
-0.664300 -0.383500 0.243927
-0.883850 -0.193550 -0.405304
-0.867000 0.280300 0.104996
-0.764233 -0.034300 0.375463
-0.794725 0.224925 -0.254524
-0.721800 0.172500 -0.320297
-0.883250 0.271150 -0.155205
-0.933850 0.208450 0.227745
-0.815150 -0.493400 0.055695
-0.743600 0.147700 0.298553
-0.634600 -0.474317 0.055399
-0.763767 0.263133 0.163071
-0.724900 -0.233675 -0.382324
-0.644840 -0.477200 0.043741
-0.736700 -0.327900 -0.328598
-0.767150 0.186750 -0.298698
-0.835400 -0.196850 0.372101
-0.667500 -0.065825 0.380127
-0.844050 -0.306200 0.328148
-0.864950 0.277350 -0.144852
-0.855725 0.303575 0.015224
-0.955500 0.194000 -0.273407
-0.834300 -0.386900 -0.295395
-0.745725 0.223350 -0.264599
-0.858300 -0.048800 0.380005
-0.826067 0.074400 0.358195
-0.796000 -0.333233 0.307500
-0.843700 -0.479400 -0.151794
-0.675300 -0.420100 -0.232407
-0.725180 0.104760 -0.364578
-0.723200 -0.328050 0.297195
-0.918300 0.290650 -0.055450
-0.655700 -0.449300 0.139099
-0.735900 0.249900 0.199402
-0.654775 -0.457875 -0.155152
-0.835750 0.055650 -0.383904
-0.894800 0.160800 0.282394
-0.931550 0.290150 -0.045799
-0.675967 -0.003867 -0.407771
-0.694850 -0.384975 0.244026
-0.915200 0.175200 0.267044
-0.624800 -0.460000 -0.138596
-0.746200 0.170700 0.280594
-0.897400 0.249800 -0.199402
-0.842400 -0.156800 0.379501
-0.905300 0.192000 -0.281494
-0.655200 -0.404425 -0.253872
-0.704200 -0.474767 0.076635
-0.885200 0.128700 0.308701
-0.795000 -0.345400 0.298096
-0.754900 0.063550 0.346550
-0.655275 -0.382925 0.243549
-0.804050 0.216500 0.244400
-0.875000 0.237225 0.194698
-0.683633 -0.471633 0.084035
-0.784050 -0.406950 0.236702
-0.732633 0.242067 -0.243632
-0.842920 0.166100 0.285678
-0.803850 0.266700 0.165650
-0.736900 0.312233 -0.055099
-0.905200 0.057500 0.348801
-0.760400 -0.293600 0.322998
-0.944767 0.216567 0.214869
-0.882350 0.037550 -0.388550
-0.916850 0.292450 0.005951
-0.795200 -0.429400 0.207703
-0.906567 0.156700 -0.315832
-0.855567 -0.194400 -0.404139
-0.732833 0.034133 -0.390900
-0.919400 0.278800 -0.118805
-0.793050 -0.295250 0.331596
-0.756700 0.180100 0.272095
-0.823700 -0.152900 0.380295
-0.905400 0.114700 -0.347900
-0.785500 -0.393300 0.252864
-0.841200 -0.332300 0.311600
-0.674540 -0.468240 -0.123679
-0.735700 0.005400 -0.398075
-0.814100 -0.489000 0.076508
-0.747700 0.082300 -0.370857
-0.646750 -0.358150 0.267898
-0.624125 -0.447750 0.135525
-0.802100 0.229500 -0.248001
-0.714700 0.250700 0.201004
-0.806200 -0.354000 0.292104
-0.882500 0.292300 0.045097
-0.744250 0.310700 -0.064896
-0.674467 -0.346567 -0.317434
-0.785750 0.264950 0.165298
-0.675400 -0.295000 -0.354599
-0.765050 0.044125 -0.381622
-0.925000 0.233300 0.193100
-0.665500 -0.439600 -0.199097
-0.724950 -0.055500 -0.409401
-0.834750 -0.166850 -0.409500
-0.744500 0.290750 0.114799
-0.687700 -0.257100 0.339348
-0.794933 0.233267 -0.243932
-0.944350 0.242900 -0.203301
-0.915767 0.044300 0.353866
-0.694275 -0.424100 -0.224350
-0.951600 0.203000 -0.263306
-0.834475 -0.354675 -0.324722
-0.805500 -0.343100 -0.331802
-0.779050 -0.365050 0.284645
-0.626250 -0.409500 0.207001
-0.745300 0.282167 0.135767
-0.847400 -0.407100 -0.275696
-0.906500 0.263300 -0.168701
-0.877600 0.094300 0.330994
-0.734780 0.075760 -0.376083
-0.738700 0.269200 -0.198303
-0.793150 -0.233525 -0.392746
-0.694250 -0.451000 0.143799
-0.885350 0.105750 0.324005
-0.775200 -0.447250 0.175797
-0.903850 0.255000 0.156601
-0.814400 -0.025767 -0.410832
-0.826550 -0.376700 -0.304649
-0.704333 0.275633 -0.195836
-0.951200 0.285050 -0.074601
-0.933000 0.255500 -0.180801
-0.893200 -0.284500 0.342750
-0.755700 0.193800 -0.294048
-0.907300 -0.004300 -0.400803
-0.784260 -0.325400 0.314700
-0.744000 0.168150 -0.318848
-0.880950 -0.073550 -0.413444
-0.725800 -0.464567 0.115300
-0.754600 -0.146300 0.374333
-0.905000 0.252150 -0.193649
-0.781600 0.298600 0.061401
-0.656300 -0.401150 0.221451
-0.736800 -0.482600 0.077805
-0.674000 -0.383975 0.244076
-0.797150 -0.373050 -0.305649
-0.780900 -0.469900 -0.158203
-0.656400 -0.409300 -0.247498
-0.892433 0.171900 -0.302170
-0.843433 0.154200 0.294001
-0.773833 -0.483267 0.084498
-0.704900 0.115100 0.327599
-0.634000 -0.464533 0.093801
-0.836100 -0.281400 0.341003
-0.664625 -0.346550 -0.316853
-0.753000 0.001800 0.366699
-0.724833 0.278300 -0.186361
-0.834675 0.146450 -0.335350
-0.767325 -0.487825 -0.105053
-0.898350 0.288400 0.056198
-0.886150 -0.253300 0.356094
-0.908800 0.293050 -0.036850
-0.735120 -0.384940 0.244540
-0.732800 0.140500 -0.341095
-0.725450 0.291350 -0.153000
-0.734625 0.217600 0.237175
-0.857000 0.314850 -0.016251
-0.745367 0.197433 0.256668
-0.876000 0.173750 -0.303451
-0.796600 0.293267 -0.125168
-0.807450 -0.493100 -0.084801
-0.652500 -0.391700 0.233101
-0.794600 -0.453950 0.166397
-0.797450 0.273900 -0.176499
-0.893700 0.261400 0.144951
-0.777900 -0.221900 0.360001
-0.804500 0.257700 -0.205948
-0.783700 -0.412000 0.230392
-0.724625 0.153600 -0.333423
-0.875900 -0.235650 0.362198
-0.854333 0.164267 0.283869
-0.757900 0.248800 0.189102
-0.863250 -0.202550 -0.402497
-0.695300 -0.213975 0.357525
-0.854400 0.297750 -0.064895
