-0.796500 -0.139200 0.106948
-0.807767 -0.128433 0.367198
-0.803500 -0.135733 0.094864
-0.794700 -0.141150 0.144150
-0.797200 -0.131400 0.374207
-0.807800 -0.136450 0.034699
-0.766100 -0.417700 -0.213801
-0.815400 -0.145100 0.329803
-0.804633 -0.133267 0.362971
-0.793150 -0.146650 0.195397
-0.814367 -0.145233 -0.015198
-0.934900 -0.168500 0.335800
-0.812400 -0.130800 0.361404
-0.799800 -0.138800 0.130402
-0.798450 -0.151350 0.296997
-0.909600 -0.143300 0.382202
-0.811450 -0.133600 0.113503
-0.804967 -0.137833 0.353765
-0.796200 -0.146850 0.204994
-0.813800 -0.118400 0.375702
-0.808500 -0.148550 0.315102
-0.798600 -0.138850 0.123948
-0.923400 -0.166200 0.336395
-0.805950 -0.135200 0.054794
