0.743800 0.115200 -0.384399
0.537500 0.232100 -0.329895
0.474736 0.164200 -0.362821
0.588733 0.284867 -0.321935
0.535080 0.132720 -0.361362
0.486900 0.247900 -0.340195
0.535633 0.178233 -0.338999
0.555100 0.100950 -0.370499
0.595060 0.205340 -0.322937
0.554167 0.123400 -0.361084
0.503950 0.144700 -0.362808
0.646900 0.037100 -0.386597
0.435015 0.153992 -0.372810
0.505412 0.225262 -0.334411
0.564800 0.193575 -0.323898
0.626400 0.113775 -0.361625
0.585500 0.135150 -0.353732
0.419900 0.208700 -0.348206
0.426142 0.205083 -0.347359
0.684867 0.073900 -0.383031
0.693967 0.064833 -0.386403
0.514020 0.154490 -0.355421
0.770700 0.153100 -0.379601
0.564800 0.186950 -0.328827
0.523383 0.114367 -0.371401
0.440900 0.213200 -0.341148
0.615550 0.118750 -0.359200
0.651600 0.210700 -0.325699
0.599350 0.273550 -0.319297
0.586600 0.140400 -0.350800
0.513500 0.182000 -0.341175
0.534663 0.275000 -0.328047
0.515157 0.094229 -0.382342
0.761300 0.083633 -0.385467
0.524425 0.236250 -0.333401
0.514809 0.114900 -0.373690
0.484940 0.125550 -0.377840
0.504525 0.124792 -0.372923
0.525020 0.093440 -0.381580
0.534657 0.245171 -0.331486
0.554888 0.164488 -0.344900
0.494936 0.095618 -0.386701
0.605420 0.125200 -0.356518
0.544717 0.176950 -0.337636
0.544537 0.095025 -0.376515
0.773100 0.033950 -0.381698
0.534711 0.125200 -0.363866
0.604075 0.135075 -0.352524
0.424740 0.141680 -0.381101
0.584350 0.123900 -0.357485
0.516460 0.146920 -0.358563
0.756750 0.142350 -0.381500
0.415971 0.147257 -0.379201
0.575043 0.154886 -0.347460
0.704525 0.066000 -0.386574
0.494891 0.144609 -0.365964
0.732800 0.062000 -0.384094
0.589100 0.118900 -0.359604
0.425350 0.146675 -0.378424
0.643600 0.211500 -0.322906
0.535189 0.114922 -0.368190
0.535317 0.095667 -0.377985
0.622900 0.144800 -0.349349
0.692200 0.035800 -0.384346
0.629300 0.070000 -0.380905
0.671700 0.159100 -0.348801
0.634500 0.105600 -0.365299
0.524744 0.264756 -0.333443
0.677000 0.104100 -0.371796
0.586350 0.168950 -0.339249
0.604833 0.167100 -0.338933
0.455390 0.195280 -0.345512
0.561300 0.082150 -0.380401
0.566700 0.264175 -0.319378
0.581800 0.090500 -0.370300
0.603140 0.222880 -0.314661
0.536720 0.196340 -0.328299
0.624340 0.064320 -0.383258
0.535711 0.185111 -0.335068
0.617300 0.253450 -0.317596
0.764533 0.053933 -0.384069
0.739000 0.118100 -0.384201
0.601433 0.265433 -0.318304
0.655500 0.120700 -0.360306
0.591000 0.070700 -0.380203
0.455410 0.184550 -0.352339
0.596200 0.095133 -0.367150
0.475854 0.134877 -0.376639
0.544871 0.274229 -0.324417
0.614900 0.083125 -0.372223
0.464978 0.164522 -0.363598
0.727700 0.138300 -0.377594
0.604767 0.112167 -0.361232
0.483350 0.120950 -0.380753
0.774850 0.094950 -0.385605
0.494509 0.105064 -0.384057
0.726600 0.095500 -0.384796
0.622300 0.235800 -0.315867
0.475220 0.194870 -0.344989
0.572750 0.264500 -0.318947
0.655000 0.202850 -0.331452
0.721600 0.102300 -0.383346
0.555062 0.194737 -0.323603
0.665800 0.064900 -0.385264
0.615700 0.245133 -0.316635
0.436200 0.188400 -0.349401
0.515150 0.205013 -0.333687
0.588600 0.088700 -0.369904
0.595033 0.134367 -0.353167
0.433310 0.225260 -0.341892
0.534900 0.173400 -0.342023
0.472400 0.207600 -0.338699
0.565240 0.076160 -0.381757
0.494580 0.112160 -0.381601
0.414533 0.194933 -0.354760
0.654700 0.154767 -0.347732
0.535067 0.104689 -0.372313
0.676550 0.037850 -0.385300
0.615725 0.075150 -0.377472
0.600100 0.180000 -0.330597
0.665150 0.036975 -0.385727
0.576340 0.125580 -0.358081
0.422900 0.161100 -0.370407
0.712050 0.082550 -0.385399
0.534600 0.164963 -0.346760
0.657500 0.100800 -0.370605
0.509000 0.128650 -0.369599
0.645975 0.065750 -0.382927
0.564186 0.064771 -0.382313
0.763250 0.074650 -0.385399
0.764900 0.182000 -0.372299
0.504800 0.085170 -0.387912
0.584500 0.084033 -0.373380
0.485015 0.135131 -0.372868
0.664350 0.107000 -0.368500
0.765833 0.095633 -0.385635
0.504818 0.184909 -0.342836
0.555287 0.244625 -0.324949
0.684700 0.053467 -0.386505
0.716225 0.063825 -0.386452
0.495820 0.137360 -0.368783
0.651750 0.094850 -0.371101
0.503550 0.104138 -0.381800
0.524857 0.246300 -0.335301
0.565014 0.085943 -0.376613
0.418100 0.178700 -0.359894
0.533650 0.192325 -0.331276
0.475443 0.214171 -0.336315
0.536375 0.074950 -0.385098
0.665100 0.115600 -0.363937
0.596300 0.195033 -0.324397
0.494745 0.174491 -0.352346
0.535550 0.137950 -0.359402
0.465133 0.215933 -0.334641
0.625450 0.087350 -0.369301
0.524380 0.155230 -0.352908
0.605067 0.064650 -0.382599
0.716600 0.046975 -0.385098
0.579300 0.078000 -0.378601
0.517500 0.098050 -0.379349
0.567167 0.284600 -0.321665
0.584220 0.114200 -0.361698
0.554500 0.114813 -0.364288
0.464883 0.206483 -0.338582
0.733400 0.076500 -0.385696
0.564775 0.235300 -0.322050
0.604000 0.117750 -0.359200
0.427800 0.196800 -0.348531
0.670800 0.106500 -0.369293
0.535320 0.085460 -0.384250
0.495655 0.194745 -0.343927
0.446800 0.209400 -0.339706
0.544587 0.115187 -0.366274
0.749100 0.134900 -0.381805
0.565817 0.174683 -0.337301
0.595300 0.235367 -0.317266
0.454967 0.206483 -0.338598
0.443900 0.187633 -0.349095
0.554575 0.082350 -0.381225
0.513744 0.084633 -0.386320
0.474960 0.154740 -0.367427
0.644425 0.124950 -0.357899
0.521920 0.204720 -0.331320
0.544967 0.224900 -0.326017
0.545329 0.245186 -0.328212
0.634600 0.095800 -0.368302
0.545300 0.065010 -0.385381
0.524555 0.104682 -0.374527
0.614850 0.224350 -0.314774
0.574000 0.141200 -0.351100
0.514491 0.194800 -0.336146
0.554738 0.254662 -0.323503
0.684400 0.036800 -0.384903
0.585029 0.105086 -0.365058
0.745867 0.094033 -0.385798
0.545144 0.165522 -0.345500
0.655725 0.114625 -0.363525
0.600600 0.140800 -0.350006
0.611467 0.235033 -0.315633
0.574500 0.121400 -0.360199
0.664600 0.134250 -0.358200
0.716140 0.073680 -0.384616
