0.224855 0.145905 0.378799
0.424967 -0.159033 0.349299
0.134916 -0.094765 0.382709
0.434920 0.364270 0.254482
0.403971 0.097129 0.399898
0.194921 -0.057179 0.389748
0.485820 -0.188160 0.328076
0.455610 0.205080 0.372830
0.285000 -0.282856 0.253701
0.144788 -0.222512 0.321658
0.355186 -0.288971 0.237828
0.184785 -0.035230 0.393316
0.195475 -0.170550 0.350151
0.414733 0.134633 0.393140
0.204919 0.337350 0.246725
0.335653 0.035006 0.401077
0.228100 0.170700 0.370552
0.125627 0.351747 0.212873
0.475173 -0.125027 0.366555
0.395857 -0.299257 0.216642
0.234876 0.125017 0.385776
0.184694 -0.242867 0.302211
0.314676 -0.263653 0.274136
0.335200 0.303170 0.302121
0.245075 0.143500 0.380675
0.424544 -0.034422 0.397534
0.364000 -0.300500 0.220695
0.224797 -0.075097 0.385358
0.195066 -0.025247 0.394217
0.374975 0.326438 0.287485
0.384708 -0.245958 0.285432
0.525140 -0.244980 0.274753
0.145153 -0.275947 0.275803
0.145305 0.184787 0.363572
0.424964 0.004736 0.401235
0.414309 -0.264200 0.263754
0.334800 0.365108 0.235100
0.054543 0.306297 0.256716
0.244721 0.034918 0.398447
0.265035 0.054665 0.398353
0.274662 0.024844 0.399322
0.264784 0.035388 0.399367
0.465710 -0.045310 0.394342
0.334908 0.104238 0.394855
0.134630 -0.004991 0.395105
0.505175 -0.015487 0.398514
0.403975 -0.146650 0.356924
0.475489 0.184922 0.381402
0.384664 -0.224921 0.304651
0.484800 -0.055188 0.391498
0.415060 0.014580 0.402841
0.195015 0.204141 0.352170
0.185239 0.264564 0.313724
0.164425 -0.330650 0.201126
0.354753 0.164933 0.383194
0.393850 -0.012233 0.400317
0.164935 0.365439 0.194909
0.345171 -0.276441 0.255008
0.164970 -0.164946 0.354441
0.455238 -0.287700 0.224874
0.145490 0.122324 0.380620
0.095667 -0.128575 0.369607
0.484588 0.165387 0.387064
0.334707 -0.204153 0.323491
0.425756 -0.145711 0.358410
0.245113 -0.094146 0.381331
0.134783 0.004894 0.395194
0.144958 0.164774 0.366757
0.374800 -0.178800 0.339996
0.443850 0.035362 0.403652
0.264756 -0.143288 0.361856
0.284592 -0.187600 0.338158
0.324859 0.175000 0.375830
0.404880 0.024730 0.402359
0.345219 -0.175125 0.343888
0.244700 0.345452 0.245238
0.087843 0.295386 0.290931
0.215433 0.272713 0.312639
0.164913 0.294987 0.285116
0.225285 -0.327930 0.195565
0.424363 -0.262475 0.264540
0.284845 0.064840 0.397479
0.234940 -0.035353 0.394844
0.344464 0.045427 0.402064
0.415787 0.353263 0.263838
0.315107 0.005321 0.399479
0.483400 -0.118700 0.369301
0.174470 -0.052990 0.390610
0.312867 -0.300567 0.232066
0.414550 -0.172387 0.342163
0.105871 -0.152808 0.361401
0.355077 0.155231 0.386108
0.466600 -0.139700 0.359802
0.094962 0.264595 0.303759
0.395017 0.337817 0.278198
0.184650 0.214834 0.345591
0.434740 -0.105410 0.375920
0.074567 0.240600 0.320236
0.435218 0.224791 0.362889
0.422900 -0.120300 0.370300
0.455067 0.251900 0.350733
0.334658 0.357150 0.245991
0.164591 0.346227 0.225738
0.324900 0.296850 0.306102
0.336950 0.250450 0.340698
0.332617 0.013808 0.399718
0.375655 0.316000 0.296718
0.154933 -0.157133 0.358402
0.250300 0.219700 0.349701
0.215977 -0.328546 0.197046
0.194922 -0.235983 0.307261
0.325171 0.155450 0.383242
0.464637 -0.223063 0.302252
0.285875 -0.211225 0.320598
0.055471 0.271459 0.291529
0.483933 0.252933 0.352033
0.154794 0.094877 0.388137
0.384133 0.361367 0.251567
0.145539 -0.197894 0.338323
0.294600 -0.269400 0.268853
0.455067 -0.205450 0.316748
0.344533 0.268800 0.329335
0.454678 -0.035156 0.396688
0.264895 0.264395 0.322847
0.524250 -0.235512 0.284361
0.135209 0.248418 0.319071
0.364618 0.234000 0.352300
0.124853 -0.197484 0.338578
0.235005 -0.276595 0.265530
0.444450 -0.141100 0.360794
0.425540 -0.217980 0.308276
0.244933 -0.285971 0.255014
0.315193 0.354793 0.244719
0.364762 0.365150 0.245376
0.385358 -0.024975 0.398510
0.104833 0.084848 0.388245
0.284971 0.366671 0.225442
0.337243 0.055043 0.400602
0.527300 -0.207300 0.308300
0.146031 -0.057946 0.389620
0.104844 0.124856 0.378106
0.395220 -0.215180 0.314295
0.525211 -0.213700 0.303867
0.155022 -0.255161 0.295322
0.165094 0.214782 0.343159
0.234468 0.255009 0.326784
0.475100 0.367650 0.256050
0.124727 -0.125206 0.373030
0.106320 0.360300 0.190903
0.445667 0.186800 0.379120
0.291200 0.369900 0.219498
0.425178 -0.243489 0.283613
0.065210 0.311919 0.252306
0.165100 0.324204 0.254940
0.414225 0.044963 0.403624
0.354738 0.145338 0.388333
0.316300 0.056880 0.400342
0.255170 -0.307045 0.224806
0.094627 0.357165 0.194917
0.228100 -0.319500 0.208837
0.174900 -0.279500 0.269597
0.204929 -0.135132 0.366203
0.245085 -0.135027 0.366388
0.085264 0.297700 0.274362
0.304788 0.187763 0.368648
0.346700 -0.058850 0.389595
0.104864 0.301886 0.271569
0.255029 -0.298186 0.237029
0.484429 0.154343 0.391588
0.484700 0.275829 0.337501
0.484837 -0.124525 0.366310
0.394953 -0.265113 0.265421
0.494337 0.034725 0.403475
0.444300 -0.216900 0.308050
0.485786 -0.065843 0.389199
0.164850 0.305106 0.275147
0.165436 0.201500 0.350911
0.494757 -0.277929 0.235371
0.483767 0.104933 0.401300
0.344825 0.281350 0.320904
0.455000 -0.066200 0.388727
0.214531 -0.252077 0.292147
0.305250 -0.092975 0.380809
0.084929 0.240829 0.320659
0.355150 -0.066540 0.389322
0.165079 -0.024964 0.394410
0.245019 -0.015177 0.396696
0.365400 -0.307950 0.205126
0.224776 0.055270 0.396869
0.214738 -0.104971 0.376666
0.415550 -0.060850 0.390449
0.374806 -0.265056 0.265556
0.184588 0.296328 0.286832
0.195187 0.241213 0.331013
0.494737 0.094787 0.401512
0.255112 0.251450 0.331703
0.456650 -0.279800 0.238945
0.374938 0.265115 0.335116
0.215061 0.332950 0.253933
0.394571 -0.045107 0.394206
0.244935 -0.143745 0.362305
0.294976 -0.134929 0.364723
0.174871 -0.302486 0.243194
0.154500 0.368600 0.186927
0.104975 0.320325 0.250927
0.214493 -0.052121 0.390750
0.394140 0.352040 0.262457
0.293900 0.180900 0.370605
0.374425 -0.114650 0.373159
0.464430 0.174670 0.384331
0.144110 -0.178430 0.349011
0.115025 0.005019 0.396151
0.464000 0.212400 0.370666
0.094884 -0.074986 0.385010
0.274858 -0.322647 0.194611
0.213943 -0.291529 0.251086
0.476288 0.024637 0.404711
0.175071 0.274614 0.304172
0.204682 -0.098127 0.379502
0.356080 0.257360 0.339300
0.254936 -0.025464 0.396192
0.204719 -0.044994 0.392062
0.184865 0.316715 0.266545
0.496500 -0.259800 0.259705
0.224650 0.368167 0.206459
0.124250 -0.260250 0.290398
0.405750 -0.091300 0.380401
0.254620 0.155308 0.378048
0.195364 -0.326892 0.205128
0.395700 0.179033 0.379435
0.354500 0.341167 0.270864
0.445400 0.379900 0.239502
0.294885 0.064920 0.398246
0.295800 -0.212200 0.320974
0.176123 0.252354 0.321202
0.355008 -0.267042 0.265593
0.476180 -0.278900 0.237283
0.384533 -0.290500 0.230937
0.165124 0.055024 0.393908
0.334969 0.065892 0.399531
0.454973 0.264245 0.343602
0.215100 0.229850 0.339905
0.175042 -0.248333 0.298749
0.174938 0.145015 0.375264
0.332388 0.054225 0.399700
0.465060 0.336960 0.287622
0.224791 0.015349 0.397869
0.174846 -0.293467 0.253763
0.174000 -0.221186 0.320587
0.195446 0.302331 0.282446
0.445300 0.382857 0.234687
0.275170 -0.255360 0.285122
0.345012 -0.155450 0.355206
0.195000 0.095300 0.388921
0.194921 0.124935 0.382051
0.155070 -0.271210 0.281152
0.194507 0.307193 0.277872
0.225048 -0.155058 0.356743
0.304982 0.085123 0.396942
0.315321 -0.186164 0.337143
0.055169 0.324374 0.235008
0.375817 0.172983 0.380849
0.304779 0.214563 0.356215
0.384642 0.145042 0.389425
0.224964 -0.034777 0.394407
0.244429 0.115221 0.388597
0.356200 -0.147237 0.359291
0.295216 0.114753 0.391147
0.175125 -0.319525 0.219078
0.449200 0.209900 0.369507
0.513800 -0.193225 0.322239
0.495367 0.158933 0.389466
0.285338 0.226862 0.348206
0.335090 -0.215245 0.314560
0.047500 0.310500 0.250829
0.114578 -0.054430 0.391053
0.474383 -0.184333 0.333683
0.476133 0.288233 0.328669
0.345200 -0.252056 0.283110
0.464933 -0.034875 0.396866
0.174708 -0.298442 0.248574
0.354918 0.324741 0.285452
0.444975 -0.229100 0.298203
0.266800 0.280800 0.310501
0.306750 -0.279050 0.258476
0.325600 0.230800 0.350632
0.485467 -0.084856 0.383235
0.364933 0.065175 0.401824
0.316900 0.261250 0.330498
0.404573 -0.185480 0.334375
0.354653 -0.044987 0.393286
0.124895 0.312315 0.263115
0.485475 0.194638 0.377928
0.425900 0.309133 0.308970
0.424964 -0.195850 0.325724
0.164050 0.158670 0.369432
0.135035 0.312450 0.263045
0.504292 -0.125323 0.365024
0.255200 -0.279400 0.259506
0.154979 -0.084962 0.383996
0.144739 -0.015028 0.394485
0.183667 -0.310700 0.230499
0.294575 0.032425 0.400276
0.431700 0.369100 0.248505
0.332600 0.168700 0.379250
0.354694 0.044878 0.403523
0.444813 -0.184938 0.334169
0.394837 -0.282275 0.242415
0.354225 0.055175 0.402050
0.404983 -0.178067 0.338903
0.475444 -0.145711 0.357666
0.233000 -0.240700 0.300095
0.214955 -0.194972 0.335115
0.355264 0.193718 0.371336
0.315286 -0.126814 0.368078
0.484800 0.283640 0.332422
0.195050 -0.097513 0.379350
0.185756 0.252613 0.322054
0.234586 -0.058200 0.389598
0.244844 -0.298478 0.237578
0.314614 -0.248371 0.288742
0.385307 -0.055080 0.391212
0.127967 0.260333 0.310633
0.476237 0.034188 0.404400
0.354933 -0.155613 0.355685
0.445225 -0.211500 0.312229
0.294686 0.271814 0.320991
0.224780 -0.280860 0.261200
0.310900 0.289600 0.309998
0.234717 -0.261050 0.281499
0.264805 -0.273652 0.264709
0.394160 -0.301140 0.211700
0.395833 -0.016833 0.399500
0.104866 0.275440 0.296085
0.365067 0.124908 0.393258
0.405093 -0.165667 0.347028
0.455050 0.352700 0.271423
0.235383 -0.299133 0.238419
0.344586 0.366786 0.236243
0.174923 0.284897 0.295496
0.414000 0.328700 0.289169
0.287000 0.319400 0.279907
0.334750 -0.257490 0.277550
0.171000 0.239300 0.328995
0.234962 0.244925 0.332806
0.242400 0.109200 0.389999
0.332650 0.134825 0.389338
0.105374 -0.172079 0.351231
0.225007 0.294796 0.295033
0.205336 -0.282371 0.262510
0.463800 -0.113567 0.372035
0.493900 0.108600 0.399902
0.154880 -0.045171 0.391741
0.244533 -0.318756 0.207467
0.185177 -0.098269 0.379308
0.223100 0.328867 0.259237
0.184644 -0.093530 0.380870
0.335076 -0.035253 0.395505
0.254659 0.173041 0.371278
0.334493 0.255464 0.336892
0.374850 0.283770 0.322549
0.434438 0.244438 0.352350
0.395056 0.357567 0.256824
0.404429 0.247071 0.348528
0.299200 0.320000 0.280304
0.084885 0.336737 0.226120
0.314950 0.311250 0.291027
0.115767 -0.249867 0.299230
0.255100 -0.318380 0.207892
0.335047 -0.024712 0.397071
0.384664 0.105079 0.397645
0.295700 0.330900 0.270493
0.404408 -0.115383 0.372267
0.334400 0.352117 0.252017
0.114921 0.281629 0.291656
0.154250 -0.131213 0.370703
0.405058 0.044892 0.403542
0.364940 -0.279000 0.248798
0.334762 0.164592 0.380999
0.195031 0.174650 0.364859
0.204642 -0.272784 0.273537
0.241200 0.279350 0.309402
0.355075 -0.185330 0.335870
0.384473 -0.214727 0.313858
0.134630 0.045042 0.393707
0.303800 0.014822 0.399050
0.464650 0.300450 0.320701
0.475000 -0.233580 0.292163
0.245308 0.044908 0.398116
0.364800 -0.161950 0.351451
0.224904 0.285088 0.303805
0.274850 0.125055 0.387086
0.454420 -0.173080 0.341339
0.375194 -0.074969 0.386075
0.444918 -0.055155 0.392729
0.115088 -0.074954 0.387283
0.324805 -0.215300 0.315888
0.104444 -0.135407 0.367763
0.494775 0.055000 0.403889
0.274580 0.134660 0.385026
0.066590 0.221270 0.331009
0.114615 0.347805 0.216132
0.285021 0.304947 0.295238
0.124858 0.094973 0.386884
0.268300 -0.259100 0.279495
0.484530 0.265200 0.344481
0.444223 -0.195100 0.325208
0.383450 0.090750 0.400101
0.265182 -0.288455 0.247783
0.175169 0.342637 0.233349
0.233940 -0.311410 0.222360
0.224897 0.005114 0.397608
0.154407 -0.222186 0.321214
0.315158 0.203867 0.362290
0.374792 0.294777 0.314154
0.224782 -0.126464 0.369031
0.164574 0.135205 0.377733
0.134740 0.105023 0.384440
0.074106 0.317744 0.247155
0.394600 -0.277600 0.247857
0.285000 -0.204560 0.325632
0.245700 0.290450 0.300705
0.485591 0.084764 0.403554
0.285410 -0.097210 0.379381
0.463275 0.104587 0.400875
0.335100 0.372742 0.224932
0.304561 -0.304144 0.224928
0.375950 0.271050 0.331604
0.344800 0.165294 0.382363
0.144768 -0.233704 0.313035
0.354875 -0.262013 0.271425
0.414525 -0.035725 0.396182
0.355031 -0.035013 0.395082
0.365400 -0.178700 0.339798
0.124867 0.265114 0.306162
0.275129 0.195167 0.363127
0.476167 0.211833 0.371536
0.095391 0.072471 0.390674
0.344759 -0.084747 0.383670
0.124250 0.358812 0.198364
0.215200 0.261233 0.320750
0.294924 0.185482 0.368012
0.065100 0.317121 0.246015
0.474856 -0.034667 0.396257
0.155315 -0.238008 0.308507
0.445200 -0.145530 0.357289
0.235412 0.352956 0.233711
0.384754 0.294731 0.314790
0.475167 -0.205767 0.315236
0.364440 -0.091200 0.381061
0.274887 -0.105200 0.377392
0.094878 0.124985 0.377571
0.244447 0.326300 0.265654
0.355007 0.275187 0.326573
0.345775 0.371275 0.232002
0.124516 0.035070 0.395146
0.054738 0.286928 0.277137
0.305385 -0.126431 0.368007
0.164054 0.014815 0.396329
0.125415 0.271700 0.301231
0.500500 -0.210600 0.310104
0.193233 0.089000 0.389832
0.194597 0.214977 0.346457
0.466162 0.024487 0.403862
0.475333 -0.215778 0.306434
0.175055 -0.057370 0.389369
0.223700 0.338800 0.248896
0.265000 -0.321389 0.202467
0.454386 0.346943 0.276683
0.134893 0.297880 0.278087
0.265818 0.332573 0.263363
0.125482 0.077745 0.389650
0.473875 0.347625 0.278050
0.184756 -0.045072 0.392197
0.394892 0.045208 0.402871
0.104739 -0.015059 0.394765
0.144760 -0.145080 0.365222
0.195090 -0.184710 0.342545
0.164531 0.267777 0.308324
0.214486 0.105954 0.388713
0.104972 0.346652 0.216041
0.485611 0.053978 0.405102
0.144974 -0.085026 0.383996
0.285105 -0.084932 0.383423
0.215072 -0.115225 0.373577
0.175009 -0.171827 0.350883
0.264787 -0.301262 0.232500
0.294745 0.305209 0.294694
0.164598 -0.005250 0.395389
0.275368 0.245179 0.336803
0.114979 -0.154649 0.362246
0.264900 -0.186126 0.337810
0.355060 0.298220 0.308420
0.474800 0.264975 0.344988
0.504480 -0.132580 0.362201
0.390100 -0.240400 0.290894
0.144260 0.349520 0.219003
0.084852 0.263661 0.302955
0.465111 -0.184967 0.334700
0.464538 -0.016475 0.399328
0.284928 0.275983 0.316632
0.128000 -0.241133 0.311396
0.185640 0.208180 0.349071
0.484750 0.175900 0.383938
0.234614 -0.251057 0.291288
0.384900 0.234992 0.353475
0.314779 -0.135300 0.364120
0.335175 -0.281100 0.250446
0.434267 -0.035442 0.398302
0.324718 -0.277600 0.256525
0.194907 -0.247787 0.297599
0.244490 -0.122320 0.370720
0.124895 0.292671 0.282329
0.385557 0.322086 0.292199
0.404838 0.381875 0.225086
0.345209 -0.126473 0.368020
0.284914 0.338329 0.258460
0.074430 0.348070 0.206335
0.292500 -0.259200 0.279602
0.475433 0.155433 0.391924
0.343650 0.339100 0.269051
0.385173 0.034336 0.402609
0.202000 -0.150900 0.360199
0.184822 -0.318778 0.218533
0.314335 -0.115345 0.372869
0.224691 0.084900 0.393422
0.474075 -0.281200 0.233299
0.163100 0.299600 0.279999
0.311000 0.229600 0.348999
0.473550 -0.012150 0.400254
0.104968 -0.084883 0.383524
0.468400 -0.269400 0.249603
0.360900 0.378700 0.218903
0.455043 0.144514 0.392515
0.234079 0.146437 0.378974
0.284495 -0.065390 0.388943
0.055688 0.260688 0.300661
0.494750 0.044788 0.403774
0.352800 0.269500 0.329407
0.126600 -0.210650 0.330200
0.044374 0.296606 0.266492
0.365600 -0.310500 0.200897
0.394453 -0.245647 0.285566
0.254922 -0.245141 0.294808
0.284515 0.342792 0.253223
0.495500 -0.014850 0.398688
0.314662 0.174725 0.374794
0.106238 0.119275 0.379749
0.204823 0.055054 0.394808
0.305090 0.234805 0.346475
0.494808 -0.105483 0.374826
0.101750 -0.128783 0.369481
0.275125 0.343142 0.252543
0.185116 0.165377 0.368381
0.104981 -0.195968 0.337943
0.195205 -0.242747 0.302296
0.273400 0.269800 0.319199
0.344413 -0.014831 0.397970
0.254767 0.034862 0.398542
0.385015 -0.305708 0.204944
0.315120 0.084995 0.396616
0.141650 -0.061000 0.390252
0.344527 0.344091 0.263845
0.269700 0.200400 0.360199
0.304892 -0.287433 0.246801
0.474473 -0.165218 0.345064
0.463870 0.055580 0.404651
0.265044 0.342356 0.251668
0.457900 0.320950 0.301849
0.084650 0.284139 0.287417
0.415150 0.338300 0.279152
0.365364 -0.166382 0.347701
0.235492 -0.187546 0.338691
0.374883 -0.091900 0.380615
0.313233 0.187850 0.369016
0.074292 0.326972 0.236083
0.175048 0.214839 0.344365
0.245523 -0.182392 0.341786
0.182525 0.268975 0.309048
0.185318 -0.058709 0.389683
0.455167 -0.261600 0.262199
0.423500 0.368000 0.248146
0.144622 -0.034986 0.392872
0.345333 -0.180733 0.340495
0.464856 -0.243133 0.282921
0.186600 -0.189950 0.339798
0.303050 0.157400 0.379754
0.394583 0.135058 0.392000
0.254870 0.214825 0.352356
0.155450 -0.209500 0.329750
0.194930 -0.155158 0.357363
0.245029 0.224867 0.345891
0.424878 0.065433 0.402820
0.184815 -0.314367 0.225382
0.335022 -0.067200 0.388921
0.124911 0.254895 0.314593
0.315511 0.247033 0.338967
0.145042 -0.294281 0.255396
0.324478 -0.035039 0.394885
0.325150 0.243400 0.342271
0.444745 -0.134445 0.362821
0.044306 0.328178 0.227422
0.224740 -0.183315 0.343076
0.424500 0.255631 0.345777
0.293530 0.246480 0.338081
0.165250 0.251500 0.320880
0.214809 -0.286552 0.256212
0.325179 -0.093521 0.380450
0.283855 0.222900 0.351990
0.234507 0.217240 0.348129
0.325525 0.376125 0.215010
0.454580 -0.248040 0.277881
0.374450 0.146590 0.388771
0.206700 0.260300 0.320206
0.454950 -0.014575 0.400837
0.454260 0.084920 0.402388
0.114875 0.015246 0.395800
0.434680 0.297960 0.317761
0.104926 -0.114723 0.375575
0.284925 0.271325 0.320450
0.394800 -0.061150 0.390549
0.214848 -0.064807 0.388152
0.353812 0.254063 0.341248
0.214950 -0.149800 0.359604
0.264130 0.317590 0.278100
0.264819 0.085115 0.394650
0.294860 0.325385 0.275315
0.345187 0.362337 0.242311
0.434167 0.013825 0.402167
0.354844 0.375333 0.224613
0.314578 0.034861 0.400897
0.305850 0.033388 0.401663
0.366650 0.331800 0.281555
0.234800 0.164752 0.373481
0.264550 0.144459 0.381532
0.275225 -0.317694 0.205614
0.258300 -0.309700 0.219055
0.335000 0.175033 0.377015
0.234711 0.273905 0.312937
0.297550 -0.300050 0.230904
0.245140 0.256353 0.327889
0.505389 -0.104689 0.373299
0.414980 -0.286520 0.235091
0.284737 0.235000 0.343663
0.195525 -0.278175 0.268351
0.333075 -0.098000 0.379349
0.294887 -0.278663 0.258312
0.293575 -0.122012 0.371101
0.264979 -0.264667 0.274863
0.395311 0.174456 0.381321
0.394112 -0.097312 0.378527
0.118600 -0.160200 0.360001
0.075275 0.342950 0.214322
0.324378 0.327033 0.277712
0.224704 -0.164870 0.352012
0.484909 -0.145000 0.356580
0.216000 -0.229400 0.309998
0.274782 -0.287664 0.247120
0.546260 -0.222100 0.292560
0.343217 0.003733 0.399785
0.494100 0.105033 0.400701
0.365460 -0.141380 0.361121
0.344963 -0.242750 0.291538
0.054674 0.276384 0.286938
0.274900 0.252867 0.331617
0.114807 -0.226521 0.317572
0.394443 -0.134636 0.363607
0.404808 0.134823 0.392771
0.194380 0.349540 0.228558
0.276211 0.113078 0.390459
0.194804 -0.306167 0.235048
0.264932 -0.283368 0.254349
0.094857 0.134812 0.375634
0.464300 -0.061450 0.390396
0.245325 -0.062525 0.390808
0.115478 0.351133 0.211434
0.424175 -0.202000 0.320827
0.124650 -0.227200 0.317637
0.404900 -0.054875 0.391750
0.244804 -0.293446 0.244373
0.465562 -0.173500 0.341665
0.375050 -0.215444 0.314357
0.364915 -0.296592 0.225775
0.364864 -0.184636 0.335992
0.454242 -0.085250 0.382933
0.465029 -0.066143 0.388613
0.304641 0.325153 0.275829
0.424709 -0.164764 0.346538
0.158500 -0.249000 0.299401
0.115225 -0.137221 0.369120
0.467600 -0.189800 0.328903
0.465433 0.074600 0.404190
0.195004 -0.264585 0.283759
0.244775 0.135008 0.383504
0.145055 0.283236 0.293035
0.234994 0.236461 0.337922
0.194938 -0.258369 0.288462
0.325018 0.316836 0.287915
0.474650 -0.242600 0.283168
0.344806 -0.025128 0.396467
0.344700 0.213670 0.361447
0.308800 0.350300 0.250198
0.282967 0.298867 0.299199
0.484750 -0.237400 0.287603
0.301700 0.349300 0.249603
0.114944 0.254306 0.313555
0.535075 -0.195937 0.316563
0.104577 0.014751 0.395842
0.345350 -0.141725 0.360775
0.317200 0.006000 0.400299
0.104950 0.253866 0.312941
0.184887 -0.171613 0.350410
0.345456 0.024244 0.401178
0.275091 -0.244596 0.294947
0.134671 -0.275097 0.275923
0.224700 -0.015026 0.396061
0.235032 -0.294476 0.244960
0.174790 0.115042 0.383509
0.454818 -0.135564 0.362145
0.404815 -0.044792 0.393594
0.445488 -0.288138 0.226763
0.346600 0.319500 0.289902
0.434900 0.320000 0.300201
0.454360 0.281540 0.331741
0.346717 -0.309333 0.207581
0.074632 0.228363 0.328411
0.545150 -0.260450 0.250900
0.502050 -0.231650 0.290848
0.184545 -0.004862 0.395390
0.364809 -0.282864 0.243790
0.081625 0.147775 0.369411
0.304706 -0.054667 0.391490
0.455000 0.294889 0.323425
0.207650 0.190900 0.360153
0.345178 0.233611 0.351300
0.315844 -0.296519 0.235081
0.234206 -0.182589 0.342179
0.215118 0.195786 0.358591
0.185017 -0.165014 0.353302
0.155000 -0.065300 0.388756
0.445350 -0.075310 0.386139
0.274478 0.369567 0.215947
0.234400 -0.144162 0.361633
0.187533 0.241000 0.330398
0.264897 0.015161 0.398675
0.214829 -0.075041 0.385641
0.374471 -0.256014 0.275507
0.274523 0.356408 0.235602
0.464850 -0.084880 0.383109
0.504212 -0.035612 0.394575
0.244620 -0.213053 0.321367
0.114940 -0.115218 0.377173
0.309500 0.260600 0.330093
0.434867 -0.092100 0.381032
0.204471 -0.202371 0.331551
0.104778 0.114348 0.381491
0.425208 0.135058 0.393365
0.314955 -0.233200 0.302172
0.304550 -0.084655 0.383368
0.454870 -0.145720 0.356941
0.443880 0.325630 0.295340
0.445711 0.005022 0.402157
0.124696 0.356332 0.205352
0.515200 -0.150700 0.350006
0.043617 0.319050 0.239151
0.274058 0.275247 0.315772
0.394500 -0.220700 0.310104
0.134812 -0.234644 0.313520
0.357200 -0.279200 0.249550
0.384500 -0.165717 0.347408
0.194947 0.104969 0.386822
0.058900 0.220000 0.330307
0.124905 -0.254955 0.294698
0.495480 -0.246970 0.274629
0.364750 -0.062133 0.390749
0.134911 -0.245100 0.304339
0.465233 -0.282133 0.233249
0.415183 0.387917 0.215953
0.325388 0.134812 0.388702
0.424983 0.201817 0.371503
0.484075 0.258475 0.348824
0.085320 0.331660 0.233254
0.515409 -0.175264 0.335082
0.339100 0.280400 0.320999
0.434615 0.075046 0.402615
0.445270 -0.284110 0.235382
0.465433 -0.135078 0.362078
0.506433 -0.136583 0.358500
0.225700 -0.308333 0.227993
0.255146 -0.195008 0.333841
0.164225 -0.270750 0.280751
0.480700 -0.280600 0.230804
0.435173 -0.114709 0.372338
0.415317 0.372500 0.241870
0.445933 -0.271100 0.251098
0.385600 0.326883 0.288165
0.325150 -0.121733 0.370985
0.464380 0.216780 0.368298
0.269200 0.148700 0.379700
0.384900 -0.085313 0.382762
0.474867 0.145056 0.393821
0.384514 0.135164 0.391580
0.423750 -0.091525 0.381001
0.293987 -0.097750 0.379110
0.486160 -0.222140 0.301520
0.305625 0.161350 0.380199
0.264945 0.044834 0.398824
0.204758 0.105065 0.387545
0.434880 -0.205610 0.317482
0.504963 -0.156050 0.347851
0.354986 0.315007 0.294521
0.265104 -0.005296 0.397705
0.274333 0.347567 0.247284
0.354469 0.214500 0.361746
0.224424 -0.323029 0.204485
0.485329 -0.246971 0.276670
0.238700 0.330300 0.260406
0.394742 -0.085308 0.382575
0.293910 0.045270 0.398992
0.325514 0.054721 0.399287
0.325212 0.267187 0.328211
0.384280 -0.006820 0.399460
0.184943 0.115022 0.383933
0.215050 0.366822 0.204911
0.405100 0.343450 0.273600
0.104951 -0.204508 0.332799
0.064356 0.287800 0.277794
0.404920 0.295610 0.316353
0.254375 0.115985 0.388879
0.403262 -0.173438 0.341438
0.114120 0.259360 0.309540
0.161800 0.219700 0.339996
0.062885 0.207485 0.338434
0.385008 0.284217 0.322983
0.515200 -0.258450 0.258950
0.475238 0.015163 0.404112
0.104689 0.258733 0.309090
0.305005 0.194800 0.365438
0.180700 0.239700 0.329803
0.445080 -0.247940 0.278357
0.436600 0.151200 0.390106
0.485563 -0.014100 0.400639
0.212650 0.099000 0.389648
0.425244 0.334733 0.285031
0.086700 0.310150 0.260253
0.304800 -0.025021 0.396421
0.354931 -0.105075 0.376944
0.254896 0.205267 0.356976
0.095428 -0.044360 0.390780
0.276580 0.371120 0.212583
0.134893 -0.184893 0.345936
0.184903 -0.053865 0.390914
0.135963 0.261350 0.310715
0.473300 -0.061333 0.390635
0.384654 0.245323 0.348039
0.375640 0.321660 0.291684
0.243867 -0.271317 0.271032
0.124881 -0.014719 0.394828
0.285035 0.165000 0.376972
0.109700 0.330400 0.240005
0.265169 0.337654 0.256993
0.264828 -0.044868 0.393236
0.475033 0.084978 0.404182
0.374700 -0.231500 0.301234
0.455130 0.124210 0.396358
0.134936 0.266086 0.306692
0.404640 0.055500 0.402380
0.175063 -0.254297 0.293579
0.464700 0.275220 0.336841
0.224800 0.025003 0.397983
0.194275 0.357717 0.217924
0.285614 -0.148629 0.359443
0.134707 -0.124965 0.373116
0.452200 -0.022100 0.400696
0.286500 -0.061600 0.390549
0.304580 0.125090 0.388511
0.234610 -0.271560 0.271571
0.166400 -0.131300 0.370102
0.385330 0.024460 0.402339
0.383500 -0.219500 0.309402
0.324947 -0.294547 0.234716
0.294847 0.035718 0.399342
0.124936 0.084943 0.388628
0.204575 0.044619 0.395821
0.476700 -0.159600 0.349304
0.434450 0.309000 0.309502
0.344876 -0.074977 0.386606
0.104657 0.315967 0.255746
0.175008 -0.105086 0.378053
0.464950 -0.055500 0.392032
0.134967 -0.025066 0.394232
0.164543 -0.204264 0.332544
0.214600 -0.281770 0.261829
0.124959 0.317195 0.256819
0.303730 0.045025 0.399305
0.102820 0.328980 0.238599
0.205097 0.144971 0.377651
0.247225 0.331000 0.261124
0.174670 -0.084815 0.383437
0.195003 -0.064891 0.388065
0.344408 0.134023 0.391106
0.444613 0.285575 0.327213
0.535560 -0.262680 0.252078
0.395829 0.327229 0.287973
0.177225 0.300600 0.281075
0.154535 -0.244900 0.303648
0.305492 0.243808 0.341884
0.165020 0.256396 0.317421
0.294679 -0.316721 0.204871
0.334947 0.185313 0.373053
0.114921 -0.144962 0.365951
0.314544 -0.292133 0.242332
0.344708 0.274885 0.325262
0.114912 -0.197046 0.337760
0.334820 0.114827 0.392853
0.134975 -0.045125 0.391595
0.065296 0.283112 0.282475
0.144939 0.323026 0.253453
0.234911 -0.235171 0.304642
0.465150 -0.257150 0.265551
0.085842 0.063325 0.391178
0.254850 -0.164055 0.351919
0.365114 -0.214764 0.314720
0.324792 -0.126917 0.368318
0.366014 -0.192443 0.331214
0.214900 0.284119 0.303585
0.255072 -0.135288 0.365957
0.144611 0.156744 0.368934
0.204606 0.362325 0.213258
0.175128 0.104940 0.386292
0.434617 -0.097467 0.378782
0.224864 -0.194852 0.334507
0.386033 -0.261000 0.271062
0.454780 0.152180 0.391238
0.457300 -0.061400 0.390449
0.486263 0.034525 0.404926
0.324589 -0.204694 0.323678
0.424289 0.224200 0.362278
0.414180 0.035340 0.403508
0.095091 0.114210 0.381351
0.104920 0.296213 0.276370
0.296367 0.152878 0.380434
0.364900 -0.115200 0.373243
0.315045 -0.004910 0.398920
0.116309 -0.058091 0.389754
0.334800 0.191150 0.370452
0.145230 -0.285990 0.265419
0.435075 -0.075150 0.385744
0.515500 -0.230400 0.290207
0.395038 0.245975 0.348164
0.536550 -0.239050 0.278747
0.514711 -0.235411 0.284902
0.405856 -0.298033 0.215323
0.154954 0.105011 0.385516
0.435150 0.180450 0.380996
0.374710 0.377900 0.224660
0.405389 -0.277367 0.247091
0.365700 -0.222217 0.311600
0.330500 0.048800 0.399704
0.234922 -0.053991 0.391347
0.465550 0.015213 0.403687
0.115512 0.311625 0.262774
0.212425 -0.320650 0.210930
0.305005 -0.004926 0.398089
0.434530 0.325110 0.295679
0.124917 -0.215517 0.326327
0.404854 -0.213915 0.313376
0.155296 0.273592 0.302923
0.443900 0.280800 0.331100
0.414387 0.377275 0.236113
0.365170 -0.126170 0.368440
0.334786 -0.293007 0.234828
0.324338 -0.268063 0.267935
0.224409 -0.058200 0.389671
0.495263 -0.263200 0.254349
0.104907 -0.104895 0.377575
0.374413 0.064531 0.401917
0.486833 0.158267 0.389567
0.201900 0.259600 0.319595
0.292500 0.319200 0.279602
0.355480 -0.209000 0.317758
0.204740 -0.230860 0.310782
0.314753 0.214947 0.357065
0.464200 0.256933 0.348482
0.315330 -0.277900 0.258280
0.166300 0.290000 0.290298
0.175413 -0.331000 0.201961
0.254672 -0.143106 0.362182
0.224756 0.348278 0.237510
0.134695 -0.227335 0.317983
0.454811 -0.154022 0.352054
0.314500 -0.238088 0.298237
0.094642 -0.014955 0.393199
0.384936 -0.104736 0.376294
0.175195 -0.236952 0.307467
0.245067 -0.313883 0.215050
0.295363 -0.075284 0.386109
0.504710 -0.175340 0.336330
0.424700 0.377380 0.237363
0.174927 0.155086 0.371551
0.144613 -0.005215 0.395502
0.333600 0.368700 0.229996
0.124956 -0.265123 0.285451
0.244283 0.368950 0.208298
0.174441 0.305422 0.276015
0.195033 0.352817 0.224002
0.145100 0.255178 0.315740
0.283825 0.329000 0.269100
0.425018 -0.054955 0.391534
0.194544 0.296878 0.287272
0.216129 0.211071 0.350900
0.297757 0.243000 0.342229
0.295033 0.315000 0.285366
0.304707 -0.166714 0.348214
0.394200 0.240850 0.350502
0.434900 -0.134980 0.362260
0.294991 0.352900 0.242956
0.375331 -0.236400 0.296090
0.413000 0.096200 0.399902
0.384856 0.377789 0.225823
0.424862 0.296387 0.317501
0.504700 -0.088650 0.379349
0.124841 -0.165002 0.357084
0.345294 0.244894 0.345288
0.162250 0.318450 0.259705
0.094659 0.014991 0.394283
0.175069 -0.226017 0.316814
0.164785 -0.226369 0.317612
0.204643 0.215314 0.347096
0.055220 0.244500 0.313414
0.375145 -0.287300 0.236328
0.204745 -0.313018 0.223422
0.204979 -0.057063 0.389348
0.284655 0.207200 0.358272
0.464340 -0.286480 0.225371
0.354593 -0.025347 0.396181
0.114798 -0.125077 0.373722
0.293444 0.156600 0.379222
0.474800 0.244400 0.356456
0.144817 -0.270850 0.281001
0.475000 0.094956 0.401576
0.356633 0.008383 0.400635
0.434844 0.285467 0.326355
0.074240 0.299250 0.268611
0.435200 -0.014943 0.400317
0.155408 0.206721 0.347999
0.124867 0.321675 0.252001
0.254715 -0.065139 0.388920
0.134924 -0.075063 0.386712
0.064489 0.225743 0.327479
0.225155 -0.053555 0.391250
0.417700 -0.229000 0.299606
0.104600 0.357683 0.195674
0.355180 0.104733 0.397146
0.134795 0.254792 0.315006
0.175025 -0.328000 0.207073
0.434744 -0.262600 0.263680
0.244971 -0.322286 0.202629
0.185090 -0.338324 0.185185
0.194374 0.345126 0.234806
0.435500 -0.248867 0.278463
0.284667 -0.174962 0.345409
0.445125 0.255900 0.348171
0.174975 0.334018 0.244860
0.234935 -0.155035 0.356004
0.125107 0.343474 0.224510
0.215396 0.164657 0.371849
0.455967 0.182433 0.380999
0.036350 0.270050 0.290352
0.154832 0.224984 0.336801
0.311800 0.159500 0.379898
0.255035 0.084961 0.395375
0.374940 -0.142360 0.360800
0.434744 0.345511 0.275445
0.134852 0.243507 0.322919
0.454722 0.134467 0.394691
0.285110 -0.292090 0.242158
0.145600 0.232269 0.331474
0.094687 0.054882 0.392695
0.474700 0.275375 0.337339
0.504714 -0.194414 0.323356
0.364323 -0.005138 0.399580
0.067540 0.250660 0.310638
0.264690 -0.194938 0.333348
0.114948 -0.095045 0.382146
0.524550 -0.167075 0.338276
0.185020 0.104957 0.386520
0.184668 -0.176072 0.347556
0.264300 0.350475 0.241073
0.345456 0.054794 0.401474
0.364538 -0.245692 0.286747
0.035057 0.254200 0.302979
0.374788 0.332550 0.282715
0.365253 -0.074833 0.386354
0.205232 -0.296473 0.246195
0.376500 0.221650 0.360604
0.455764 0.094600 0.401426
0.405350 0.358050 0.257268
0.134543 0.156180 0.368900
0.155053 0.074792 0.391137
0.125100 -0.179150 0.349647
0.368167 0.361600 0.251267
0.337300 0.005200 0.400208
0.345840 -0.065553 0.388962
0.205267 0.341600 0.241799
0.105099 -0.025058 0.394421
0.092000 0.269133 0.299464
0.134935 -0.153077 0.361670
0.415275 -0.218625 0.308448
0.405625 0.339075 0.278149
0.324793 -0.146814 0.358406
0.204733 0.204796 0.352806
0.434370 0.025170 0.402939
0.304267 0.330733 0.270569
0.384900 -0.197217 0.328552
0.446050 -0.092500 0.380897
0.304662 -0.134671 0.364651
0.404083 0.146567 0.389366
0.344525 -0.301550 0.222090
0.164993 0.355361 0.214959
0.090925 0.068100 0.389775
0.522700 -0.230600 0.290207
0.154964 0.233336 0.332110
0.415033 0.115025 0.397067
0.194370 0.228100 0.338820
0.124609 -0.244546 0.304235
0.244780 -0.127140 0.369041
0.454444 -0.283211 0.234399
0.083751 0.067018 0.389235
0.095139 -0.104869 0.377796
0.284694 -0.216388 0.317193
0.215110 -0.317235 0.215469
0.454989 0.366456 0.255459
0.105004 0.065024 0.391645
0.174903 -0.165000 0.353822
0.196367 -0.219267 0.319468
0.365000 0.376889 0.224901
0.455100 -0.253067 0.272766
0.275065 -0.085139 0.383597
0.523960 -0.267180 0.246100
0.425475 -0.248600 0.278099
0.105517 0.350417 0.210968
0.125100 -0.065500 0.388951
0.275250 0.281217 0.311287
0.104756 0.354007 0.205656
0.121550 -0.239750 0.309646
0.294500 0.227700 0.348839
0.424713 0.363675 0.253489
0.134976 -0.158088 0.359271
0.456200 -0.271200 0.251404
0.464871 -0.251829 0.273856
0.304500 -0.308337 0.217163
0.504889 -0.064989 0.387080
0.114727 -0.132500 0.370823
0.264896 0.135026 0.384291
0.235237 0.365856 0.214230
0.423050 -0.190800 0.330750
0.429300 -0.289600 0.226997
0.133700 0.082400 0.390198
0.134993 -0.165217 0.356444
0.493200 0.074650 0.403151
0.444890 0.094620 0.400838
0.485050 -0.035730 0.395818
0.344660 0.185220 0.374466
0.356650 -0.062350 0.390476
0.264100 -0.260200 0.280807
0.154775 0.164975 0.366862
0.424900 0.344930 0.274318
0.184844 0.194791 0.355930
0.134700 -0.280667 0.270632
0.294625 -0.142975 0.361132
0.225412 -0.205371 0.327264
0.384757 -0.002057 0.400613
0.194961 -0.045337 0.392824
0.224810 0.165138 0.372583
0.405344 0.084889 0.401067
0.462900 -0.261050 0.261696
0.364714 -0.274200 0.254822
0.144143 -0.281157 0.270924
0.504700 -0.218800 0.299805
0.094998 -0.114876 0.374501
0.244518 -0.325841 0.194611
0.188300 0.340000 0.240402
0.174738 0.065062 0.392977
0.274832 0.234758 0.342704
0.234730 0.334430 0.254890
0.153425 0.309125 0.269424
0.224615 -0.144789 0.361937
0.375500 -0.209250 0.319046
0.365100 0.015020 0.400929
0.083586 0.348857 0.208915
0.114639 0.125520 0.378439
0.365069 -0.303769 0.215164
0.104713 -0.144926 0.364722
0.325312 0.195012 0.367394
0.424975 -0.223942 0.303416
0.303550 0.037137 0.399513
0.465162 -0.153625 0.351927
0.294877 -0.254632 0.284926
0.195308 0.045294 0.395377
0.175248 -0.176896 0.348640
0.425040 0.195020 0.374759
0.464840 0.224770 0.364581
0.154989 -0.152128 0.361273
0.335225 0.212412 0.361250
0.115012 0.286631 0.287149
0.294267 -0.291500 0.242511
0.447950 0.330250 0.291794
0.304794 0.154671 0.380564
0.255012 -0.264938 0.275447
0.216092 -0.097567 0.379285
0.214888 0.294248 0.294440
0.455209 -0.275064 0.245343
0.265167 0.360833 0.230499
0.154080 -0.299280 0.248956
0.345187 -0.115012 0.373338
0.414700 -0.292910 0.224541
0.084700 0.257281 0.307782
0.085143 0.314127 0.254844
0.264964 0.274864 0.315032
0.404533 0.273433 0.332889
0.334817 -0.134767 0.364140
0.454811 -0.185000 0.332713
0.304700 -0.291943 0.241887
0.164678 0.165089 0.367208
0.155312 0.354037 0.214237
0.314433 0.208833 0.359736
0.304854 0.306277 0.295325
0.484967 0.135433 0.395176
0.264559 0.215109 0.352487
0.485750 -0.097000 0.378426
0.294622 0.094544 0.394829
0.065069 0.325953 0.235021
0.234817 0.115159 0.388284
0.284850 -0.115046 0.374176
0.195933 0.161833 0.370572
0.294473 -0.182091 0.341402
0.445000 0.387513 0.225025
0.424900 0.261675 0.341328
0.395617 0.322317 0.292000
0.164875 -0.275547 0.275423
0.334977 -0.267477 0.266877
0.113533 -0.209283 0.329386
0.334888 -0.276671 0.256158
0.284907 -0.223280 0.312581
0.135346 -0.178231 0.349422
0.154978 0.294356 0.284077
0.254787 0.336940 0.256612
0.215089 -0.188433 0.339144
0.334994 -0.114856 0.373322
0.203967 0.287656 0.298289
0.322870 0.047260 0.399280
0.214883 0.204993 0.354213
0.434829 0.254843 0.346887
0.365144 -0.104756 0.376651
0.103325 -0.098019 0.379338
0.355429 -0.098314 0.379011
0.384250 0.240200 0.350395
0.225084 0.273832 0.312564
0.133876 -0.104029 0.380874
0.264861 0.124996 0.386651
0.294425 0.207825 0.358803
0.464233 0.287500 0.329005
0.384356 -0.281956 0.242834
0.484788 0.015075 0.404240
0.435082 -0.045209 0.395353
0.425300 0.339450 0.279297
0.094956 0.084947 0.388006
0.335441 -0.054806 0.391953
0.274740 -0.300760 0.231220
0.397033 0.300867 0.311035
0.364933 0.356342 0.256282
0.095117 -0.151694 0.360702
0.327900 0.360000 0.240295
0.394714 0.114286 0.395934
