0.459600 -0.070600 -0.288803
0.477600 -0.015700 -0.335365
0.463925 -0.044237 -0.261400
0.601400 -0.119600 -0.270493
0.505257 0.004900 -0.286229
0.524483 -0.015783 -0.275635
0.598300 -0.112400 -0.259094
0.474413 -0.015187 -0.275789
0.633250 -0.128600 -0.262703
0.582200 -0.127900 -0.302650
0.544400 -0.027550 -0.269653
0.524133 -0.048833 -0.258499
0.563700 -0.028200 -0.269501
0.474100 -0.096900 -0.357498
0.495543 -0.055143 -0.255286
0.604225 -0.147300 -0.322930
0.545333 -0.127800 -0.341466
0.588033 -0.121900 -0.285899
0.472827 -0.025080 -0.324967
0.594800 -0.018100 -0.275299
0.614533 -0.095600 -0.235234
0.595000 -0.062033 -0.252268
0.597400 -0.049600 -0.258804
0.594050 -0.128450 -0.293747
0.574850 -0.102450 -0.258850
0.565050 -0.062600 -0.251900
0.463600 -0.088933 -0.321670
0.584100 -0.043233 -0.261734
0.487100 -0.100600 -0.326202
0.536033 0.002333 -0.285634
0.504800 -0.015167 -0.275533
0.494000 -0.087450 -0.294026
0.594567 -0.108567 -0.254399
0.494940 -0.023520 -0.271280
0.548200 -0.101700 -0.279099
0.536450 -0.111900 -0.308403
0.481875 -0.045250 -0.377800
0.501300 -0.078100 -0.270798
0.584040 -0.075260 -0.245361
0.584367 -0.023333 -0.272268
0.575125 -0.055075 -0.255623
0.606400 -0.110300 -0.248398
0.544083 -0.087667 -0.255117
0.522800 -0.097850 -0.291748
0.554325 -0.117350 -0.304420
0.615150 -0.152100 -0.321548
0.600100 -0.129500 -0.290894
0.477714 0.004071 -0.287340
0.494020 -0.097880 -0.315182
0.454633 -0.055075 -0.274718
0.485086 -0.054829 -0.255358
0.476675 -0.081175 -0.295776
0.471500 -0.087500 -0.312203
0.614867 -0.026033 -0.271235
0.476240 -0.091920 -0.317179
0.461260 -0.054440 -0.316441
0.500900 -0.108600 -0.331100
0.617800 -0.069200 -0.248703
0.525633 -0.080900 -0.257065
0.596300 -0.141700 -0.318207
0.556800 -0.113480 -0.294839
0.645933 -0.074967 -0.246063
0.460400 -0.070300 -0.337708
0.485000 -0.018000 -0.370102
0.587500 -0.088800 -0.238800
0.634200 -0.044650 -0.261398
0.505640 -0.102520 -0.315122
0.524620 -0.114580 -0.323559
0.625067 -0.154150 -0.315966
0.524800 -0.118725 -0.332951
0.467808 -0.044892 -0.335501
0.575325 -0.116125 -0.284882
0.495343 -0.103214 -0.324958
0.652000 -0.069300 -0.249207
0.494612 -0.035025 -0.265362
0.594375 -0.043150 -0.261925
0.462825 -0.034969 -0.284951
0.565400 -0.127100 -0.315022
0.514843 -0.035329 -0.265272
0.495183 -0.083783 -0.285634
0.464700 -0.082200 -0.353897
0.465635 -0.025394 -0.274783
0.605200 -0.047300 -0.259849
0.471375 -0.024063 -0.316090
0.595500 -0.118650 -0.273354
0.511300 0.010000 -0.289398
0.502400 -0.089350 -0.291305
0.543250 -0.042750 -0.261902
0.642400 -0.140900 -0.278702
0.477750 -0.005292 -0.315074
0.624675 -0.095425 -0.235500
0.484233 0.012678 -0.314889
0.576250 -0.126800 -0.305202
0.624367 -0.115333 -0.244003
0.524500 -0.028200 -0.269104
0.525460 -0.085040 -0.264999
0.544860 -0.034140 -0.266303
0.455137 -0.081875 -0.315674
0.637100 -0.132800 -0.267655
0.524733 -0.068367 -0.248667
0.524100 -0.077800 -0.251998
0.485357 -0.005600 -0.353943
0.634950 -0.142900 -0.288796
0.523000 -0.109600 -0.314903
0.484714 0.004014 -0.334102
0.505250 -0.071633 -0.254781
0.484167 -0.042700 -0.261266
0.478878 0.003622 -0.304911
0.515880 -0.106600 -0.314740
0.632650 -0.035325 -0.266323
0.479050 -0.037950 -0.372398
0.625733 -0.106633 -0.231934
0.474467 -0.028433 -0.268499
0.572000 -0.127600 -0.310303
0.507200 -0.066800 -0.249702
0.574867 -0.043567 -0.261602
0.482069 -0.015046 -0.354768
0.480767 -0.012750 -0.345263
0.460700 -0.052067 -0.308762
0.482875 0.013258 -0.294416
0.607650 -0.120650 -0.267601
0.641000 -0.119100 -0.238800
0.545000 -0.082475 -0.245449
0.462967 -0.068467 -0.281870
0.626750 -0.122050 -0.255203
0.605200 -0.023800 -0.272298
0.644000 -0.158400 -0.311394
0.602300 -0.109700 -0.250397
0.482964 0.013945 -0.304982
0.525400 -0.023567 -0.271662
0.474783 -0.004475 -0.294659
0.633150 -0.062850 -0.251999
0.515000 -0.003100 -0.282196
0.586617 -0.145250 -0.327301
0.584975 -0.034825 -0.266102
0.458686 -0.085057 -0.345099
0.554757 -0.084886 -0.244014
0.533725 -0.004575 -0.281673
0.560600 -0.109600 -0.284393
0.616733 -0.123367 -0.265701
0.474380 -0.094740 -0.324441
0.614829 -0.105429 -0.234715
0.573867 -0.099267 -0.253530
0.513267 -0.079500 -0.264033
0.461260 -0.044410 -0.295241
0.584700 -0.055560 -0.255481
0.641100 -0.068300 -0.249298
0.461542 -0.064817 -0.335084
0.634075 -0.157825 -0.314850
0.630600 -0.088300 -0.238998
0.631700 -0.067400 -0.249802
0.470800 -0.086900 -0.358093
0.597100 -0.132300 -0.298599
0.514386 -0.075514 -0.255129
0.623200 -0.063533 -0.251602
0.595367 -0.087833 -0.239166
0.595300 -0.035267 -0.266037
0.486350 -0.070950 -0.268502
0.584367 -0.139400 -0.327098
0.637400 -0.049300 -0.258896
0.575033 -0.131233 -0.315267
0.538200 -0.082400 -0.249802
0.463987 -0.044947 -0.314619
0.511100 -0.087700 -0.281494
0.475467 -0.042867 -0.261134
0.534950 -0.104050 -0.294299
0.605300 -0.083700 -0.241250
0.604900 -0.074760 -0.245761
0.515867 -0.043300 -0.261164
0.551700 -0.099100 -0.270798
0.635800 -0.153100 -0.307853
0.460650 -0.084850 -0.348198
0.623775 -0.136475 -0.285301
0.545100 -0.023650 -0.271698
0.623533 -0.125700 -0.264663
0.453957 -0.065329 -0.294664
0.616467 -0.143700 -0.305201
0.562800 -0.009700 -0.279404
0.502900 -0.112100 -0.344154
0.574933 -0.111933 -0.277105
0.534533 -0.066967 -0.249395
0.614900 -0.076150 -0.245174
0.563967 -0.068367 -0.248830
0.464617 -0.074267 -0.354530
0.621600 -0.130000 -0.274506
